Asset Number
30

Time Window
20

Maintenance Types
3

Risk Free Rate Minus
0.00774

Maintenance Types
0.08

Sample Size
30

Initial Condition
52.0 62.0 62.0 71.0 53.0 68.0 66.0 58.0 58.0 57.0 56.0 64.0 58.0 70.0 64.0 66.0 70.0 55.0 57.0 63.0 63.0 71.0 52.0 56.0 63.0 66.0 69.0 57.0 54.0 55.0

Degradation Matrix
3.18 3.24 3.35 3.61 3.66 4.16 4.17 4.26 4.32 4.48 4.52 4.54 4.66 4.67 4.74 4.85 4.96 5.0 5.04 5.07 5.22 5.46 5.49 5.52 5.95 6.4 7.25 7.86 8.81 12.49
1.64 2.4 2.76 2.82 3.02 3.55 3.62 3.73 3.81 3.89 3.95 4.04 4.14 4.26 4.68 4.89 4.9 4.95 5.09 5.21 5.62 5.7 5.94 6.0 6.04 6.44 6.96 7.03 7.88 7.99
1.29 1.64 2.05 2.89 2.9 2.95 3.1 3.28 3.47 3.53 3.54 3.88 4.23 4.26 4.51 4.73 4.78 5.19 5.56 5.83 6.35 6.35 6.44 6.6 6.65 6.78 6.82 9.57 10.14 13.53
2.13 2.18 2.65 2.91 3.04 3.29 3.32 3.46 3.71 4.49 4.5 4.5 4.68 4.69 4.96 5.04 5.12 5.3 5.54 5.55 5.84 6.07 6.12 6.24 6.37 6.61 7.05 7.06 7.83 9.36
1.78 2.15 2.49 2.65 2.83 3.01 3.06 3.14 3.36 3.9 4.09 4.13 4.17 4.2 4.33 4.44 4.48 4.49 4.85 4.9 4.98 4.99 5.4 5.47 6.0 6.39 6.62 6.89 7.5 7.77
1.38 2.7 2.9 3.28 3.52 3.62 3.63 3.64 3.81 3.95 4.54 4.71 4.77 4.99 5.0 5.01 5.13 5.54 5.59 5.8 6.26 6.27 6.7 7.15 7.16 7.34 7.71 8.11 9.27 11.21
2.9 3.14 3.39 3.41 3.5 3.71 3.78 3.87 3.88 4.07 4.23 4.47 4.85 4.85 4.95 5.0 5.01 5.16 5.36 5.44 5.59 5.66 5.91 5.96 6.03 6.23 6.74 7.06 7.36 7.76
1.85 2.19 2.28 3.03 3.22 3.46 3.64 3.71 3.77 3.78 4.0 4.17 4.31 4.53 4.56 4.84 5.35 5.38 5.61 5.66 5.67 5.84 6.19 6.22 6.23 6.23 6.51 6.72 8.08 9.92
3.16 3.34 3.85 3.88 3.9 3.93 3.93 4.08 4.49 4.5 4.54 4.56 4.58 4.62 4.63 4.63 4.69 4.82 4.88 5.03 5.18 5.35 5.47 5.56 5.66 5.73 5.82 5.94 6.22 6.59
2.83 3.29 3.42 3.44 3.47 3.48 3.6 3.8 3.86 4.34 4.49 4.5 4.67 4.74 4.75 4.92 5.03 5.06 5.28 5.4 5.41 5.7 5.75 5.85 5.86 6.17 6.47 6.51 6.8 7.86
1.53 1.85 2.5 2.56 3.53 3.62 3.83 3.84 3.88 3.95 4.26 4.3 4.63 4.76 4.79 4.84 4.88 5.03 5.19 5.75 6.08 6.56 6.6 6.76 7.81 7.89 8.06 8.34 8.58 8.71
2.04 2.29 2.54 2.57 2.58 3.06 3.2 3.91 3.98 4.03 4.18 4.23 4.4 4.54 4.77 4.81 4.89 5.48 5.51 5.6 5.67 5.88 6.04 6.1 6.51 6.58 6.63 6.69 7.1 7.76
1.92 2.64 3.37 3.44 3.62 3.63 3.67 3.79 3.85 3.89 4.49 4.87 4.91 5.13 5.17 5.17 5.35 5.69 5.69 5.73 6.47 6.52 6.64 6.77 6.88 7.08 7.2 7.34 7.44 8.47
1.9 1.96 2.4 2.52 3.12 3.45 3.5 3.53 3.7 3.73 3.77 3.82 3.88 4.04 4.38 4.49 4.76 4.99 5.14 5.16 5.35 5.6 6.19 6.61 7.55 8.66 9.67 10.5 11.34 11.84
3.06 3.09 3.14 3.57 3.57 4.14 4.27 4.33 4.4 4.78 4.8 4.82 4.85 5.08 5.18 5.22 5.24 5.28 5.38 5.42 5.48 5.49 5.77 5.82 5.92 6.11 6.81 7.84 7.93 8.28
1.45 1.68 1.69 1.77 1.96 2.61 2.65 2.91 3.08 3.14 3.3 3.31 3.94 4.2 4.21 4.22 4.24 4.71 5.45 5.63 5.71 6.07 6.1 6.82 6.87 7.66 8.14 8.29 9.21 10.19
3.34 3.36 3.47 3.88 3.99 4.03 4.09 4.14 4.2 4.24 4.31 4.44 4.68 4.78 4.98 4.98 5.05 5.17 5.32 5.45 5.53 5.78 5.89 6.33 6.51 6.52 6.7 6.72 8.0 8.38
2.07 2.13 2.64 2.88 2.95 3.03 3.09 3.2 3.2 3.25 3.58 3.69 3.82 3.94 4.11 4.25 4.42 4.69 4.73 4.8 5.22 5.69 5.96 5.98 6.02 6.41 6.61 8.08 8.14 8.21
1.61 1.78 2.22 2.29 2.57 2.92 2.93 2.94 2.99 3.36 3.41 3.85 3.85 4.26 4.39 4.62 4.68 5.07 5.56 5.63 6.15 6.48 6.7 7.32 7.34 7.76 8.27 8.42 9.62 10.2
1.37 1.5 1.87 2.13 2.29 2.33 2.54 2.73 2.87 3.12 3.26 3.45 3.48 3.59 3.72 3.77 4.18 4.41 4.42 4.46 5.59 5.62 5.75 6.95 7.47 7.6 7.61 7.76 8.67 9.41
2.39 2.58 2.65 2.69 3.6 3.72 4.02 4.05 4.05 4.31 4.39 4.4 4.69 4.79 4.82 5.17 5.17 5.58 5.63 5.81 5.81 6.11 6.14 6.68 7.0 7.28 7.4 7.86 8.14 8.38
1.55 1.67 1.76 1.87 1.97 2.1 2.17 2.29 2.59 2.84 2.91 3.57 3.87 3.96 3.98 4.14 4.31 4.33 4.52 4.53 4.54 4.85 4.96 5.38 5.89 6.4 6.49 6.53 7.5 8.25
2.49 2.65 2.88 2.9 3.18 3.35 3.42 3.46 3.57 3.61 3.86 3.89 4.22 4.32 4.33 4.59 4.72 4.75 4.77 4.88 4.94 5.04 5.4 5.56 5.79 6.28 6.56 6.85 8.76 11.85
1.3 1.94 2.29 2.5 2.54 2.76 3.15 3.25 3.28 3.3 3.52 4.07 4.13 4.21 4.31 4.5 4.62 5.1 5.22 5.33 5.46 5.84 5.94 6.43 6.48 6.73 6.91 7.39 8.77 8.8
3.51 3.69 3.92 3.94 3.98 3.99 4.17 4.3 4.4 4.46 4.46 4.47 4.65 4.83 4.87 4.89 4.92 5.15 5.16 5.32 5.44 5.51 5.59 5.72 5.82 5.88 5.97 6.06 7.02 7.04
1.42 1.52 2.21 2.23 2.56 2.74 2.99 3.13 3.25 3.51 3.66 3.68 3.89 4.72 4.77 4.89 4.99 5.04 5.1 5.23 5.45 5.64 5.97 6.72 7.08 7.16 7.45 8.05 9.05 10.37
1.88 3.05 3.39 3.5 3.59 3.82 3.98 4.05 4.19 4.19 4.47 4.69 4.79 4.84 4.94 5.09 5.24 5.31 5.38 5.41 5.53 5.61 5.67 5.85 6.34 6.58 6.63 6.71 7.64 11.18
2.15 3.23 3.26 3.58 3.59 3.71 3.93 4.26 4.37 4.39 4.53 4.66 4.74 4.74 4.83 4.97 5.09 5.31 5.34 5.41 5.44 5.52 6.14 6.44 6.54 6.63 6.74 6.98 7.1 8.73
2.33 3.24 3.65 3.73 3.91 4.06 4.13 4.31 4.56 4.58 4.73 4.74 5.12 5.26 5.28 5.35 5.58 6.03 6.24 6.44 6.74 6.81 7.07 7.26 7.51 7.81 8.13 8.61 8.7 8.76
0.82 2.04 2.47 2.7 2.92 2.96 3.08 3.09 3.21 3.33 3.56 3.62 3.68 4.09 4.42 4.61 4.76 5.12 5.23 5.94 6.61 7.12 7.13 7.14 7.71 7.9 8.16 8.44 9.58 15.2

Replacement Cost
368.0 304.0 264.0 335.0 252.0 300.0 286.0 305.0 209.0 303.0 328.0 206.0 208.0 309.0 252.0 384.0 303.0 297.0 208.0 289.0 355.0 278.0 230.0 312.0 380.0 272.0 222.0 276.0 319.0 230.0

Failure Cost
736.0 608.0 528.0 670.0 504.0 600.0 572.0 610.0 418.0 606.0 656.0 412.0 416.0 618.0 504.0 768.0 606.0 594.0 416.0 578.0 710.0 556.0 460.0 624.0 760.0 544.0 444.0 552.0 638.0 460.0

Maintenance Action
10.0 11.0 5.0 6.0 7.0 6.0 5.0 6.0 5.0 8.0 8.0 6.0 5.0 6.0 6.0 10.0 6.0 7.0 6.0 7.0 11.0 8.0 7.0 6.0 12.0 8.0 5.0 6.0 8.0 5.0
4.0 4.0 4.0 3.0 3.0 5.0 4.0 5.0 2.0 5.0 6.0 2.0 3.0 4.0 4.0 6.0 6.0 5.0 2.0 3.0 5.0 3.0 2.0 4.0 6.0 5.0 4.0 4.0 5.0 3.0
1.0 3.0 2.0 1.0 1.0 1.0 1.0 2.0 1.0 0.0 1.0 1.0 1.0 2.0 3.0 1.0 1.0 1.0 1.0 1.0 1.0 3.0 1.0 1.0 2.0 1.0 3.0 2.0 3.0 1.0

Maintenance Action Effect
0.43 0.5 0.41 0.37 0.44 0.38 0.38 0.38 0.42 0.46 0.44 0.48 0.47 0.41 0.43 0.41 0.37 0.43 0.49 0.42 0.46 0.46 0.45 0.44 0.47 0.49 0.38 0.4 0.45 0.41
0.24 0.26 0.26 0.21 0.26 0.33 0.27 0.27 0.21 0.32 0.29 0.24 0.34 0.23 0.31 0.27 0.29 0.3 0.24 0.24 0.25 0.22 0.21 0.25 0.3 0.34 0.3 0.27 0.27 0.22
0.06 0.19 0.16 0.07 0.09 0.05 0.12 0.18 0.13 0.06 0.06 0.09 0.18 0.15 0.18 0.1 0.08 0.1 0.14 0.1 0.08 0.18 0.13 0.11 0.1 0.09 0.19 0.15 0.17 0.08

Asset Max Health
100

Max Replacement Cost
384.0

Min Replacement Cost
206.0

Max Maintenance Action Cost
12.0 6.0 3.0

Min Maintenance Action Cost
5.0 2.0 0.0