Asset Number
30

Time Window
5

Maintenance Types
3

Risk Free Rate Minus
0.00774

Maintenance Types
0.08

Sample Size
30

Initial Condition
93.0 77.0 80.0 88.0 90.0 85.0 84.0 73.0 83.0 75.0 79.0 74.0 77.0 73.0 91.0 88.0 79.0 82.0 77.0 74.0 78.0 92.0 86.0 81.0 74.0 84.0 83.0 89.0 86.0 76.0

Degradation Matrix
3.92 4.7 9.47 9.85 12.63 12.82 13.52 13.57 13.68 13.85 14.51 15.81 18.93 19.57 19.63 20.67 20.73 20.92 21.79 22.2 22.49 22.53 22.78 22.82 23.47 23.81 28.18 30.36 33.95 39.29
10.38 11.94 13.76 14.36 14.99 16.14 16.17 16.61 16.75 17.09 17.57 18.43 18.45 18.5 20.11 20.25 20.46 20.53 21.09 21.38 21.8 22.76 22.97 23.03 24.87 25.94 26.29 26.86 29.58 31.2
8.9 10.44 11.21 11.64 12.19 12.49 13.07 13.61 14.56 15.1 15.45 15.56 15.66 16.72 17.02 17.05 17.87 19.4 19.46 20.69 20.82 23.44 24.81 26.76 26.77 27.66 28.98 30.38 31.16 37.66
7.89 11.79 11.89 13.73 13.95 14.12 14.73 14.82 14.85 15.51 16.04 16.22 16.93 17.01 17.03 17.1 18.4 18.83 18.88 18.97 24.08 24.32 24.37 25.94 29.43 30.11 30.28 32.55 33.71 38.19
5.73 11.7 13.69 15.4 16.49 16.6 16.7 16.7 17.67 17.9 18.06 18.24 19.27 19.41 19.63 19.74 20.63 20.89 21.61 22.47 22.59 22.96 23.7 24.65 24.91 25.85 25.98 27.95 30.26 33.28
7.08 7.85 8.34 10.49 11.41 12.32 12.67 14.23 14.55 14.63 16.85 17.12 17.35 17.55 17.65 17.79 18.27 19.35 20.28 21.47 21.8 23.22 24.17 24.22 25.82 29.3 32.19 34.55 34.65 34.83
9.42 11.79 12.53 13.71 13.84 14.48 14.52 16.78 18.28 18.94 19.06 19.08 19.37 19.45 19.52 20.52 20.62 21.58 22.66 22.76 22.96 23.09 23.35 23.72 23.76 24.27 26.32 29.38 30.81 32.16
10.64 11.03 11.82 12.7 12.84 14.34 15.0 15.69 16.44 18.46 18.49 19.12 19.49 20.18 20.59 20.73 20.77 21.25 21.8 22.47 23.34 23.37 23.73 23.97 24.47 24.87 29.42 31.29 32.64 33.02
6.73 8.11 9.2 10.91 12.71 13.4 14.05 14.89 15.31 17.18 17.77 18.59 19.32 20.91 22.09 22.44 22.5 22.53 23.08 24.01 24.98 25.21 25.57 25.86 26.66 27.39 30.38 31.62 32.19 34.17
6.52 7.21 11.21 12.24 12.77 13.24 13.37 13.56 13.96 14.86 15.48 15.74 17.04 17.52 19.83 20.9 21.24 21.36 21.54 21.92 22.89 24.37 25.72 26.01 26.02 27.3 30.84 32.32 36.46 45.63
10.74 11.76 12.61 14.24 14.6 14.75 15.4 15.52 15.52 16.23 17.47 17.54 17.69 18.22 18.31 18.71 18.8 19.53 20.25 20.25 20.54 21.75 22.63 24.29 24.44 25.18 29.39 31.34 34.14 36.06
9.68 11.09 12.4 12.77 13.28 13.67 13.82 13.93 15.03 16.18 16.19 17.02 17.23 17.7 17.85 18.13 18.63 20.8 21.05 21.73 21.79 21.85 21.99 23.35 23.7 24.08 24.45 24.89 25.73 27.99
6.89 9.04 12.42 12.61 12.67 13.17 14.65 14.91 15.25 16.12 16.79 18.37 18.45 19.18 19.74 19.92 20.71 23.49 24.38 24.53 24.92 25.41 25.49 28.18 31.08 31.65 32.88 36.66 43.11 46.37
10.26 11.29 12.07 15.94 16.42 16.57 16.83 17.29 18.96 19.01 19.09 19.53 19.54 20.18 20.71 20.76 21.72 21.95 22.14 23.41 25.49 25.84 25.89 25.94 27.06 27.81 30.5 31.32 32.74 36.49
8.15 8.85 9.12 12.84 13.62 16.26 16.68 16.83 16.94 17.04 17.07 17.89 18.69 19.15 19.41 19.54 20.09 20.92 21.11 22.29 22.33 23.5 23.78 24.08 24.27 25.85 26.43 28.02 28.94 29.16
10.53 12.05 14.31 15.27 16.13 16.2 17.31 17.4 17.5 18.75 19.7 19.71 20.32 20.7 20.75 20.83 21.78 22.33 22.93 23.27 23.28 23.72 24.93 25.16 25.32 26.23 28.53 29.28 29.4 32.77
8.34 13.18 14.47 14.5 14.65 14.73 16.01 16.13 16.57 17.19 17.74 18.04 19.43 20.57 21.52 21.94 23.8 24.84 25.4 26.27 26.32 27.44 27.88 29.08 29.5 30.31 32.13 32.59 34.7 34.99
9.38 9.66 10.42 12.16 12.3 12.39 13.79 13.98 14.35 14.91 14.92 14.97 15.13 15.62 16.05 16.69 17.92 18.77 19.11 20.82 22.37 22.51 23.01 23.13 23.23 24.48 25.09 27.44 33.35 37.34
9.98 11.68 12.57 12.85 13.07 13.94 14.68 14.94 15.74 16.14 16.36 16.82 17.2 19.91 20.4 20.85 21.79 21.9 22.01 23.15 24.6 24.66 25.26 25.43 25.87 26.49 26.89 26.91 30.0 37.04
10.91 11.4 11.42 13.4 13.92 14.14 15.88 16.58 16.84 16.98 17.58 18.44 18.94 18.98 19.39 20.03 21.06 21.59 21.88 22.0 22.38 23.57 23.94 24.18 25.07 25.99 27.28 28.28 30.57 32.71
6.21 9.37 12.69 12.87 13.42 15.31 15.76 15.92 16.18 17.1 17.17 17.46 17.56 17.81 18.93 19.73 20.29 20.53 21.81 22.04 22.56 22.88 22.93 23.04 23.18 25.1 25.87 27.4 37.52 41.54
10.61 11.5 11.53 13.43 14.04 14.51 14.69 15.4 15.5 15.79 17.65 17.69 17.86 18.73 18.85 20.05 20.16 20.69 20.87 20.96 21.21 22.9 26.38 26.61 27.7 30.71 32.44 32.68 33.02 35.17
12.68 13.31 13.45 13.94 15.29 17.11 17.88 18.27 18.99 19.52 19.87 19.99 20.38 20.47 20.66 21.08 21.14 21.43 22.35 22.4 22.87 24.07 24.1 24.25 25.13 25.26 25.45 25.97 27.82 30.12
11.71 11.78 12.72 13.11 13.15 13.69 13.79 13.91 15.44 17.09 17.36 17.9 18.04 18.09 18.47 19.64 20.98 21.09 21.75 22.26 22.58 22.71 24.48 25.54 25.56 27.88 28.38 30.02 31.34 38.49
4.25 5.39 6.87 8.42 8.55 11.83 12.53 14.09 14.65 15.46 16.09 17.25 18.13 18.65 19.39 20.0 20.4 22.38 22.89 23.88 25.93 28.28 28.81 29.35 30.82 31.39 32.41 32.78 40.04 41.88
9.24 12.69 13.56 15.79 15.99 16.12 16.58 16.74 17.12 17.57 17.89 18.17 18.54 18.59 18.92 19.38 19.8 20.18 20.44 20.93 21.37 21.67 22.31 22.86 24.89 25.05 25.4 26.34 27.69 29.92
8.58 10.68 10.91 11.87 12.35 14.65 15.31 15.81 16.38 16.54 18.08 18.18 19.32 19.85 20.67 20.69 21.07 22.31 22.8 22.89 23.22 23.35 23.62 26.01 27.2 29.75 31.02 31.14 35.28 37.13
11.49 12.06 12.07 12.75 13.95 14.03 14.3 14.88 15.34 15.45 15.59 15.7 16.45 16.68 17.04 17.1 18.19 19.21 20.78 20.99 22.42 22.94 23.85 24.48 25.22 26.37 28.03 31.22 32.79 40.31
8.74 11.09 11.67 11.91 11.93 12.44 12.86 14.99 15.61 16.25 16.82 17.91 18.3 18.66 19.51 19.71 20.59 21.07 21.17 21.48 22.39 22.54 22.75 22.98 24.44 25.08 26.49 27.52 30.01 34.23
8.3 8.56 8.83 11.18 13.26 14.66 15.79 16.26 17.23 17.59 17.62 17.77 18.1 18.84 19.74 19.78 20.58 21.64 22.38 22.84 22.91 23.25 23.56 24.06 25.71 26.13 27.01 27.25 30.64 39.38

Replacement Cost
373.0 312.0 318.0 287.0 207.0 314.0 294.0 261.0 354.0 243.0 338.0 309.0 396.0 218.0 271.0 399.0 267.0 269.0 274.0 310.0 310.0 322.0 320.0 317.0 241.0 285.0 273.0 252.0 239.0 212.0

Failure Cost
746.0 624.0 636.0 574.0 414.0 628.0 588.0 522.0 708.0 486.0 676.0 618.0 792.0 436.0 542.0 798.0 534.0 538.0 548.0 620.0 620.0 644.0 640.0 634.0 482.0 570.0 546.0 504.0 478.0 424.0

Maintenance Action
37.0 34.0 37.0 28.0 20.0 29.0 29.0 22.0 28.0 29.0 40.0 45.0 46.0 20.0 25.0 49.0 24.0 30.0 24.0 26.0 25.0 41.0 38.0 26.0 22.0 33.0 23.0 28.0 22.0 17.0
19.0 17.0 22.0 11.0 13.0 19.0 19.0 11.0 24.0 17.0 20.0 17.0 29.0 13.0 18.0 32.0 17.0 23.0 22.0 22.0 20.0 23.0 16.0 18.0 19.0 15.0 17.0 19.0 15.0 13.0
8.0 6.0 9.0 5.0 5.0 7.0 13.0 9.0 11.0 12.0 14.0 8.0 12.0 3.0 8.0 10.0 7.0 9.0 15.0 6.0 12.0 7.0 7.0 8.0 8.0 13.0 4.0 9.0 10.0 2.0

Maintenance Action Effect
0.42 0.41 0.47 0.38 0.4 0.42 0.44 0.37 0.39 0.44 0.46 0.5 0.42 0.41 0.37 0.44 0.37 0.39 0.35 0.39 0.37 0.46 0.45 0.38 0.38 0.41 0.37 0.39 0.43 0.37
0.2 0.27 0.26 0.2 0.32 0.31 0.31 0.22 0.33 0.34 0.3 0.27 0.25 0.28 0.23 0.3 0.32 0.35 0.34 0.25 0.29 0.29 0.22 0.25 0.29 0.25 0.31 0.29 0.28 0.28
0.1 0.08 0.14 0.07 0.12 0.11 0.2 0.13 0.16 0.18 0.15 0.12 0.14 0.06 0.12 0.12 0.1 0.18 0.19 0.09 0.14 0.08 0.09 0.11 0.14 0.17 0.08 0.18 0.18 0.06

Asset Max Health
100

Max Replacement Cost
399.0

Min Replacement Cost
207.0

Max Maintenance Action Cost
49.0 32.0 15.0

Min Maintenance Action Cost
17.0 11.0 2.0