Asset Number
30

Time Window
10

Maintenance Types
3

Risk Free Rate Minus
0.00774

Maintenance Types
0.08

Sample Size
30

Initial Condition
48.0 63.0 50.0 53.0 63.0 62.0 49.0 63.0 67.0 61.0 50.0 57.0 57.0 49.0 66.0 55.0 66.0 59.0 51.0 61.0 64.0 48.0 64.0 54.0 48.0 58.0 56.0 59.0 65.0 64.0

Degradation Matrix
5.05 5.18 5.2 5.51 6.82 6.85 7.03 7.05 7.26 7.85 8.24 8.27 8.81 8.84 8.99 9.02 9.39 9.62 9.88 10.06 10.07 10.55 10.55 10.6 10.99 11.37 12.2 12.49 13.13 14.57
5.95 7.06 7.11 7.57 7.62 7.8 7.85 7.89 8.07 8.35 8.41 8.54 8.89 8.91 9.06 9.24 9.63 9.67 9.92 10.28 10.82 10.99 11.31 11.38 12.17 12.49 13.6 14.12 14.53 14.57
6.29 6.93 7.18 7.33 7.38 7.94 8.06 8.08 8.13 8.44 9.05 9.12 9.3 9.48 9.81 9.91 10.26 10.54 10.75 11.0 11.04 11.79 12.0 12.15 12.24 12.37 12.87 13.15 14.2 16.32
6.38 6.72 6.79 7.04 7.3 7.41 7.61 7.64 7.81 8.01 8.48 8.81 8.83 9.04 9.15 9.33 9.78 9.9 9.99 10.17 10.55 10.67 10.88 11.05 11.34 11.67 11.68 13.28 13.67 14.21
5.78 6.41 7.38 7.55 7.82 7.97 8.25 8.56 8.96 9.02 9.09 9.28 9.44 9.55 9.78 10.11 10.22 10.3 10.95 11.13 11.16 11.16 11.69 11.9 11.99 12.0 12.31 13.12 13.34 15.18
6.03 6.55 6.57 6.88 7.61 8.18 8.68 8.77 8.82 9.14 9.36 9.43 9.5 9.79 9.96 10.37 10.75 10.75 10.99 11.22 11.43 11.55 11.74 12.05 12.61 12.76 13.56 13.82 14.91 15.04
4.98 5.46 5.73 5.81 7.02 7.11 7.2 7.55 7.85 7.94 8.12 8.4 8.6 9.01 9.02 9.68 9.68 9.92 10.07 11.08 11.55 11.76 11.86 12.08 12.21 12.78 12.99 13.28 13.36 13.61
5.74 6.98 7.18 8.19 8.29 8.32 8.33 8.69 8.69 8.73 8.88 9.17 9.18 9.31 9.38 9.48 9.73 10.28 10.36 10.57 10.6 10.96 11.26 11.33 11.37 11.61 12.92 13.23 13.49 14.16
6.13 6.49 6.65 6.84 6.92 6.94 7.04 7.47 7.49 7.83 8.41 8.91 8.92 9.0 9.38 9.4 9.45 9.76 9.77 10.15 10.33 10.43 10.82 11.01 12.01 12.03 12.24 12.95 13.34 17.79
5.0 5.79 7.47 8.12 8.14 8.15 8.34 8.4 8.41 8.44 8.55 9.24 9.37 9.52 9.62 9.66 9.97 9.97 10.03 10.36 10.38 10.88 11.18 11.42 11.56 11.8 12.07 12.32 13.57 13.95
6.87 6.95 7.42 7.6 7.87 7.93 8.46 8.73 8.75 9.2 9.28 9.51 9.52 9.72 9.79 10.0 10.47 10.75 10.88 11.03 11.1 11.34 11.68 11.8 11.85 11.92 12.03 12.1 12.89 13.09
4.67 5.86 6.62 7.17 7.55 7.76 8.15 8.2 8.42 8.75 8.81 8.86 9.2 9.26 9.36 9.43 9.57 9.63 9.96 9.99 10.34 10.47 11.2 11.24 11.78 12.16 12.66 12.66 12.68 15.25
7.34 7.56 7.62 7.62 7.65 7.84 7.85 7.97 8.51 8.94 8.96 8.97 9.14 9.17 9.19 9.28 9.31 9.49 9.5 10.04 10.04 10.38 10.5 10.88 10.9 12.21 12.62 12.68 13.37 13.81
5.52 6.03 6.67 7.21 7.26 7.51 7.77 7.94 8.33 8.68 9.58 9.58 9.83 10.32 10.41 10.66 10.85 11.12 11.22 12.09 12.22 12.27 12.9 13.23 13.92 14.19 14.52 14.57 15.78 15.93
6.0 6.07 6.5 6.91 7.13 8.1 8.19 8.5 9.02 9.04 9.05 9.11 9.14 9.22 9.51 10.04 10.92 11.07 11.1 11.27 11.33 12.38 12.48 12.51 13.23 13.26 13.3 14.35 15.01 15.52
6.18 7.3 7.3 7.41 7.73 7.94 7.98 8.01 8.26 8.49 8.52 8.57 8.74 8.88 8.89 9.01 9.54 9.6 9.75 10.68 10.79 10.87 10.97 11.75 12.12 12.35 12.53 12.99 14.44 17.11
6.0 6.47 8.08 8.14 8.52 8.62 8.66 8.75 8.86 8.89 9.15 9.55 9.79 10.09 10.09 10.19 10.33 10.82 11.08 11.61 11.86 12.05 12.38 12.39 12.64 12.64 13.1 13.25 13.26 14.09
6.18 6.44 6.57 7.25 7.35 7.57 7.82 7.92 8.76 8.85 9.48 9.61 9.91 10.09 10.5 10.51 10.94 11.2 11.39 12.47 12.59 12.62 13.77 14.35 15.11 15.19 15.59 15.64 17.89 18.4
6.77 6.8 7.15 7.45 8.45 8.58 8.62 8.63 8.84 8.91 9.23 9.24 9.44 9.48 9.56 9.82 9.83 9.86 10.1 10.26 10.46 10.94 11.05 11.09 11.24 11.87 12.36 12.64 14.11 14.7
6.68 6.77 7.47 7.53 7.56 8.09 8.1 8.16 8.45 8.91 9.13 9.49 9.57 9.74 9.74 9.75 9.93 10.03 10.19 10.22 10.3 10.55 10.59 10.73 11.35 11.51 12.03 12.72 12.89 13.39
6.6 7.63 7.96 7.98 8.14 8.52 8.53 8.85 8.87 8.87 8.92 9.13 9.3 9.33 9.35 9.52 9.64 9.89 10.53 10.56 10.58 10.6 10.78 10.96 11.19 11.71 12.46 12.46 12.9 13.35
7.02 7.11 7.13 7.49 7.55 8.15 8.19 8.64 8.76 9.08 9.1 9.58 9.72 9.78 9.92 10.08 11.32 11.46 11.53 11.55 11.82 11.9 11.99 12.05 12.27 12.38 12.4 12.47 13.06 14.14
3.92 5.45 6.25 6.56 7.63 7.7 7.78 7.83 8.0 8.07 8.36 8.37 8.47 8.54 9.22 9.63 10.02 10.22 10.76 10.93 11.46 11.68 12.22 12.64 12.9 13.31 13.71 14.07 15.18 15.46
4.0 4.97 5.88 6.1 6.34 7.54 7.62 7.75 7.81 8.31 8.39 8.5 8.89 8.9 8.95 8.96 9.51 9.64 9.78 10.87 10.93 11.59 11.89 11.97 12.32 12.59 12.78 12.88 14.03 16.09
7.21 7.57 7.97 8.34 8.57 8.66 8.66 8.83 8.93 9.21 9.47 9.67 9.81 9.84 9.85 9.94 10.19 10.24 10.26 10.54 10.67 11.3 11.46 11.57 11.73 11.94 11.95 12.0 12.18 14.17
5.27 5.69 6.0 6.99 7.9 7.92 8.15 8.26 8.6 9.01 9.62 10.09 10.22 10.34 10.38 10.41 10.52 10.61 10.63 10.72 10.77 10.8 10.8 10.82 10.87 11.29 11.47 11.87 13.41 13.61
7.49 8.1 8.47 8.72 8.81 9.1 9.33 9.54 9.63 9.72 10.08 10.42 10.51 10.63 10.81 11.0 11.07 11.25 11.37 11.51 11.59 11.68 11.78 12.17 12.23 12.27 12.49 12.53 13.86 14.65
3.72 5.91 6.69 6.75 6.88 8.07 8.46 9.15 9.26 9.3 9.31 9.43 9.43 9.66 10.21 10.36 10.46 10.52 10.93 11.0 11.11 11.14 11.19 11.32 11.5 11.62 12.28 12.61 13.24 15.05
5.1 5.78 6.13 6.14 6.54 7.36 7.47 7.49 7.65 7.66 7.67 7.8 9.18 9.25 9.36 9.81 10.08 10.28 10.42 11.15 11.53 11.85 12.14 12.82 12.96 13.13 13.22 14.45 16.09 17.32
6.02 6.55 6.75 6.81 6.89 7.01 7.3 8.13 8.15 8.32 8.94 9.02 9.42 9.47 9.76 9.88 10.13 10.45 10.84 11.42 11.86 11.89 12.12 12.15 12.17 12.36 12.58 14.06 14.87 15.11

Replacement Cost
282.0 200.0 289.0 308.0 352.0 345.0 236.0 200.0 215.0 293.0 239.0 364.0 292.0 376.0 299.0 304.0 291.0 345.0 205.0 398.0 349.0 323.0 239.0 242.0 295.0 392.0 321.0 251.0 288.0 271.0

Failure Cost
564.0 400.0 578.0 616.0 704.0 690.0 472.0 400.0 430.0 586.0 478.0 728.0 584.0 752.0 598.0 608.0 582.0 690.0 410.0 796.0 698.0 646.0 478.0 484.0 590.0 784.0 642.0 502.0 576.0 542.0

Maintenance Action
33.0 18.0 32.0 37.0 28.0 38.0 22.0 18.0 26.0 36.0 26.0 33.0 35.0 41.0 24.0 28.0 28.0 30.0 17.0 37.0 31.0 37.0 24.0 25.0 26.0 40.0 34.0 32.0 22.0 26.0
19.0 16.0 17.0 25.0 31.0 21.0 19.0 15.0 14.0 24.0 19.0 32.0 24.0 29.0 24.0 21.0 26.0 20.0 14.0 40.0 25.0 22.0 23.0 18.0 17.0 30.0 28.0 22.0 27.0 19.0
15.0 7.0 12.0 17.0 20.0 13.0 15.0 9.0 11.0 14.0 11.0 23.0 16.0 13.0 11.0 14.0 18.0 17.0 12.0 21.0 18.0 17.0 11.0 13.0 11.0 18.0 20.0 15.0 13.0 15.0

Maintenance Action Effect
0.81 0.85 0.75 0.85 0.79 0.87 0.88 0.83 0.89 0.85 0.84 0.89 0.87 0.75 0.81 0.85 0.86 0.88 0.81 0.84 0.8 0.85 0.87 0.87 0.8 0.82 0.83 0.86 0.77 0.86
0.67 0.64 0.59 0.6 0.59 0.61 0.67 0.59 0.58 0.65 0.61 0.69 0.68 0.7 0.57 0.56 0.62 0.56 0.59 0.68 0.6 0.64 0.66 0.65 0.58 0.68 0.64 0.66 0.69 0.66
0.47 0.36 0.41 0.45 0.48 0.37 0.45 0.41 0.45 0.45 0.43 0.45 0.47 0.36 0.36 0.35 0.47 0.42 0.44 0.49 0.44 0.48 0.49 0.47 0.35 0.4 0.47 0.44 0.43 0.38

Asset Max Health
100

Max Replacement Cost
398.0

Min Replacement Cost
200.0

Max Maintenance Action Cost
41.0 40.0 23.0

Min Maintenance Action Cost
17.0 14.0 7.0