Asset Number
30

Time Window
5

Maintenance Types
3

Risk Free Rate Minus
0.00774

Maintenance Types
0.08

Sample Size
30

Initial Condition
95.0 88.0 87.0 80.0 78.0 81.0 90.0 84.0 86.0 91.0 86.0 87.0 78.0 86.0 82.0 75.0 87.0 77.0 75.0 87.0 90.0 83.0 84.0 77.0 92.0 76.0 78.0 94.0 91.0 88.0

Degradation Matrix
8.72 9.04 10.09 10.3 10.7 11.31 11.95 13.58 13.94 15.15 15.94 16.35 17.69 17.72 18.66 19.54 19.85 20.11 20.69 21.35 23.07 23.71 24.75 25.6 26.03 26.23 26.94 30.14 31.98 38.36
10.43 11.36 11.9 12.68 13.59 14.69 14.7 14.84 14.97 15.28 15.37 15.85 15.99 16.11 16.33 17.83 17.94 18.11 18.32 18.35 18.63 19.26 19.48 20.85 20.86 22.57 23.28 23.43 25.05 25.49
9.34 9.69 10.79 10.97 11.35 12.01 12.23 12.5 13.03 14.95 15.8 16.22 16.39 17.35 19.17 21.09 21.73 21.97 22.55 22.58 22.83 23.65 23.69 24.4 24.5 26.41 27.13 36.29 36.86 43.17
9.38 12.49 12.77 14.41 14.55 15.17 15.34 15.68 15.85 17.01 17.1 17.51 18.11 18.28 19.32 19.4 20.67 20.76 20.97 21.09 21.52 22.58 23.03 24.6 24.73 25.01 26.62 27.84 28.21 30.54
10.53 12.73 12.76 12.76 13.32 13.79 13.79 14.01 14.97 16.89 17.55 18.29 18.38 18.92 19.11 19.16 19.38 20.19 20.45 21.32 21.67 21.85 22.17 23.16 23.48 24.7 25.04 25.68 25.89 28.43
10.86 11.63 12.32 12.81 13.3 13.97 14.0 15.21 15.56 15.64 15.75 15.78 16.76 17.9 17.95 18.05 18.08 19.33 19.78 20.02 20.7 21.7 22.81 22.81 23.84 24.51 24.83 27.87 30.79 37.41
9.2 11.61 12.99 15.11 15.36 16.72 17.09 17.65 18.18 18.35 19.45 19.64 19.65 20.28 20.52 22.27 22.3 22.83 23.86 24.88 27.84 27.88 27.93 27.96 28.99 30.29 32.03 32.5 32.96 33.63
7.5 8.52 10.62 12.25 14.14 14.6 14.81 14.96 15.01 15.23 15.4 16.43 16.52 16.61 16.74 17.42 17.75 18.14 19.08 19.2 20.53 21.69 22.68 22.95 24.18 24.55 24.68 25.33 26.79 29.33
9.51 9.61 11.75 12.52 12.82 13.85 14.42 15.42 15.63 15.85 16.03 16.09 16.47 16.79 17.47 17.75 18.39 18.77 19.64 20.62 21.07 21.11 21.37 23.06 24.05 24.83 26.27 26.45 27.74 29.22
12.72 13.42 14.29 14.34 14.35 14.49 15.08 15.75 16.15 16.43 17.97 18.0 19.13 19.63 20.43 20.47 20.55 20.83 21.63 21.9 22.59 23.25 23.6 24.29 24.34 24.4 26.08 26.55 27.54 31.81
7.83 8.74 10.33 12.52 12.53 13.08 13.27 14.0 14.28 14.4 15.39 15.51 15.7 16.03 16.16 17.82 18.8 18.84 21.41 22.16 24.35 24.64 25.0 26.78 27.4 30.06 31.73 33.97 39.54 45.92
9.13 10.67 13.14 13.29 13.3 14.03 14.77 15.68 15.92 15.95 15.98 16.6 17.05 17.3 17.32 18.16 18.87 19.99 20.59 21.14 24.46 24.6 24.68 24.85 25.56 25.71 26.63 28.13 29.13 30.28
4.3 6.19 7.47 9.09 9.26 9.76 11.06 11.43 11.76 12.61 13.4 14.88 15.53 16.22 18.3 19.1 21.02 21.77 21.79 22.0 23.71 24.29 24.93 25.46 25.52 28.9 30.94 31.49 33.06 41.69
7.73 8.12 9.79 10.65 13.35 13.77 15.68 16.48 16.64 16.78 17.23 17.68 17.75 17.89 18.32 18.8 19.56 20.14 20.3 23.36 24.31 24.43 24.5 27.32 27.81 28.99 30.87 32.67 35.64 37.97
9.12 11.08 11.75 12.58 13.97 14.12 14.43 15.14 15.5 18.65 18.8 19.04 19.68 19.83 20.21 20.75 20.96 20.98 21.13 21.86 22.17 24.21 25.83 28.4 28.87 29.47 31.98 37.72 42.59 45.53
10.05 12.9 12.94 13.29 13.31 13.62 14.02 15.01 15.52 15.77 16.23 16.88 17.26 17.35 18.01 18.02 18.58 18.76 19.37 19.98 21.44 21.71 21.74 23.13 23.47 24.55 24.79 26.04 26.49 29.08
11.06 12.2 13.79 14.3 14.8 15.3 15.33 16.21 16.45 16.62 16.97 17.89 18.69 19.25 19.6 20.37 21.12 21.13 21.66 22.98 23.31 23.34 23.5 23.81 24.14 24.2 24.5 26.35 27.0 28.74
7.49 9.58 11.31 11.36 12.02 13.81 14.82 16.85 18.68 19.27 19.28 19.82 19.88 20.24 20.57 20.81 21.8 23.3 23.49 23.79 24.41 25.33 25.34 26.87 26.89 27.41 27.59 30.11 31.98 46.48
9.68 10.98 11.02 11.94 12.26 12.31 12.8 13.88 14.1 17.92 18.36 19.82 20.91 21.28 22.27 22.38 23.65 24.43 25.58 26.06 26.33 26.65 28.04 29.42 29.48 29.84 30.88 31.02 36.83 39.57
10.21 12.06 13.29 15.52 15.9 16.54 17.35 17.81 18.32 19.13 19.21 19.83 20.46 20.63 20.97 21.89 22.24 22.77 22.9 23.07 23.11 23.26 23.46 23.96 26.11 27.82 28.78 30.78 33.19 34.5
8.16 9.94 10.99 11.0 12.49 12.59 13.91 14.17 14.18 14.46 14.5 15.58 16.78 16.92 16.96 17.41 17.77 18.2 19.16 21.1 21.92 25.97 26.21 27.39 27.9 28.26 29.2 29.35 29.43 34.59
10.24 14.1 14.72 16.23 16.38 16.67 16.67 17.07 18.15 19.35 19.82 20.28 20.32 20.39 20.74 20.74 20.89 21.29 21.33 21.81 23.54 24.29 24.4 24.98 25.34 25.48 25.77 25.83 27.35 32.89
8.45 9.23 10.21 11.26 11.34 13.2 14.63 15.4 16.09 16.38 16.78 17.39 18.47 19.02 19.18 19.96 20.26 20.44 20.51 20.68 21.7 23.08 23.22 25.0 27.41 27.82 28.56 29.71 30.43 52.98
7.49 9.47 11.77 11.88 11.95 12.07 13.26 13.29 13.41 13.42 13.76 14.06 14.32 14.95 16.66 17.92 20.04 21.09 21.47 21.95 22.11 22.21 23.94 23.99 24.53 26.29 27.33 30.31 31.59 32.11
9.14 9.69 15.49 15.82 16.52 16.55 16.65 16.77 17.82 19.29 19.78 19.99 20.08 20.08 20.18 20.91 21.07 21.49 22.61 23.15 23.23 24.15 24.82 25.7 26.14 27.39 29.35 31.49 34.16 40.63
8.6 11.0 11.62 12.68 12.82 13.37 13.77 13.87 14.09 15.23 15.63 15.95 16.68 18.38 18.4 19.0 19.16 19.86 20.07 20.84 21.22 23.29 23.77 24.08 24.1 24.51 24.6 25.63 29.49 39.67
9.78 10.2 12.41 15.15 15.79 15.89 16.07 16.22 16.84 18.23 18.74 19.48 19.87 20.09 20.86 21.32 21.74 22.03 22.61 22.85 25.05 25.55 25.84 28.3 29.91 30.13 30.43 31.84 36.75 38.59
8.23 9.27 10.2 11.09 13.78 14.27 14.58 15.35 16.18 16.62 18.1 18.37 20.11 20.21 20.33 20.39 22.18 22.79 24.05 24.16 24.18 24.55 25.11 25.28 25.91 28.13 28.36 32.41 34.35 42.16
8.92 9.37 12.71 13.35 13.6 14.31 14.78 14.97 15.85 16.32 16.39 16.77 16.95 17.27 17.45 17.82 17.94 17.95 20.57 22.76 22.89 24.8 24.88 25.24 26.96 29.48 32.71 33.67 36.95 37.65
9.75 11.66 12.48 12.78 14.92 15.42 15.54 16.16 16.29 16.37 16.43 16.88 17.3 17.3 17.48 18.39 18.9 20.08 20.55 21.1 23.81 23.84 24.16 24.52 24.82 25.47 26.68 27.67 31.88 35.47

Replacement Cost
277.0 380.0 293.0 318.0 282.0 324.0 288.0 375.0 368.0 228.0 328.0 258.0 240.0 217.0 264.0 350.0 267.0 393.0 333.0 311.0 393.0 246.0 364.0 336.0 281.0 254.0 388.0 218.0 326.0 333.0

Failure Cost
554.0 760.0 586.0 636.0 564.0 648.0 576.0 750.0 736.0 456.0 656.0 516.0 480.0 434.0 528.0 700.0 534.0 786.0 666.0 622.0 786.0 492.0 728.0 672.0 562.0 508.0 776.0 436.0 652.0 666.0

Maintenance Action
23.0 46.0 25.0 28.0 30.0 37.0 29.0 28.0 36.0 17.0 39.0 33.0 21.0 24.0 20.0 36.0 22.0 31.0 35.0 33.0 44.0 27.0 43.0 44.0 26.0 25.0 42.0 18.0 31.0 38.0
16.0 26.0 19.0 20.0 19.0 22.0 21.0 35.0 18.0 17.0 23.0 15.0 11.0 14.0 21.0 25.0 15.0 25.0 20.0 24.0 25.0 16.0 34.0 18.0 20.0 15.0 25.0 11.0 28.0 21.0
10.0 8.0 13.0 11.0 8.0 14.0 6.0 7.0 10.0 4.0 10.0 3.0 4.0 6.0 11.0 7.0 4.0 4.0 11.0 14.0 15.0 9.0 15.0 12.0 8.0 11.0 4.0 3.0 14.0 5.0

Maintenance Action Effect
0.39 0.49 0.37 0.4 0.45 0.49 0.48 0.38 0.44 0.38 0.46 0.47 0.39 0.39 0.36 0.43 0.4 0.36 0.42 0.41 0.46 0.43 0.4 0.47 0.43 0.46 0.49 0.36 0.41 0.48
0.2 0.33 0.29 0.27 0.23 0.29 0.27 0.32 0.23 0.32 0.34 0.28 0.24 0.3 0.34 0.35 0.21 0.24 0.3 0.27 0.26 0.25 0.35 0.26 0.35 0.22 0.31 0.23 0.35 0.29
0.16 0.09 0.19 0.13 0.14 0.17 0.1 0.07 0.13 0.07 0.13 0.05 0.08 0.14 0.15 0.09 0.06 0.05 0.12 0.2 0.18 0.18 0.15 0.15 0.14 0.16 0.06 0.07 0.16 0.07

Asset Max Health
100

Max Replacement Cost
393.0

Min Replacement Cost
217.0

Max Maintenance Action Cost
46.0 35.0 15.0

Min Maintenance Action Cost
17.0 11.0 3.0