Asset Number
30

Time Window
5

Maintenance Types
3

Risk Free Rate Minus
0.00774

Maintenance Types
0.08

Sample Size
30

Initial Condition
65.0 72.0 69.0 68.0 82.0 78.0 79.0 65.0 70.0 73.0 82.0 70.0 71.0 84.0 66.0 70.0 75.0 73.0 76.0 76.0 78.0 82.0 74.0 82.0 72.0 70.0 76.0 84.0 68.0 72.0

Degradation Matrix
2.99 4.07 4.08 4.18 8.78 9.45 9.59 10.36 10.91 12.66 13.53 13.83 15.27 15.47 15.71 15.81 16.52 18.02 19.79 21.14 22.6 24.6 27.15 31.0 32.38 32.58 33.04 33.37 37.47 39.83
5.12 7.03 7.46 10.13 10.38 10.57 10.82 11.97 13.06 13.51 13.57 15.83 16.77 19.57 19.64 20.2 21.05 21.48 21.49 21.92 24.7 24.99 25.14 25.96 26.66 29.64 33.53 34.71 35.35 45.39
0.83 1.33 3.25 4.01 4.16 6.05 7.01 7.37 9.08 10.75 10.84 11.29 11.83 13.06 13.13 14.13 17.54 18.49 19.0 19.03 21.54 21.72 24.24 26.32 28.66 30.71 31.51 39.36 41.02 45.85
1.75 3.85 7.98 8.12 8.66 8.67 9.59 12.81 14.67 15.66 17.52 17.57 18.52 18.97 23.06 24.47 25.11 25.46 27.11 28.31 31.56 32.9 35.11 36.8 36.84 37.02 43.07 46.9 55.07 59.67
4.38 5.5 7.63 9.25 10.73 12.11 12.6 14.22 14.54 16.29 18.36 18.41 19.25 19.37 20.39 20.65 21.18 21.94 24.76 25.96 28.46 28.59 28.64 31.33 34.13 37.08 42.7 42.87 46.39 46.97
3.66 3.76 6.21 6.42 6.52 6.52 8.21 8.4 9.43 9.84 10.07 10.27 10.74 10.94 11.16 12.64 12.76 13.35 15.33 16.92 17.88 18.32 19.21 21.2 21.32 30.38 33.12 34.16 57.55 58.32
4.82 7.4 7.63 8.58 9.09 9.5 10.6 11.04 11.11 11.19 12.7 13.77 14.86 16.42 17.36 17.41 18.15 18.4 18.44 19.87 20.21 20.22 20.96 21.49 24.33 26.47 32.09 33.54 45.66 58.75
2.22 3.66 5.61 6.98 9.97 10.01 12.96 13.31 13.63 13.69 13.99 14.14 14.53 15.57 15.72 20.69 20.71 21.0 21.32 21.95 22.39 26.33 33.63 36.14 38.95 43.92 47.97 63.55 67.04 73.32
2.75 4.01 4.41 4.48 4.49 10.46 11.32 11.87 12.35 12.61 14.67 15.36 16.3 16.43 18.34 19.33 20.42 20.77 21.45 22.7 25.74 28.68 28.7 28.97 33.12 35.32 37.44 38.35 40.85 45.37
2.7 4.44 5.36 6.52 8.28 9.13 9.22 9.67 11.14 11.68 12.5 13.33 13.77 14.0 14.26 16.53 16.62 17.56 17.61 17.63 18.27 18.3 25.13 30.88 31.83 38.74 45.72 56.6 58.05 63.15
1.73 1.91 2.22 2.92 4.43 4.54 5.33 5.86 5.98 6.78 7.95 8.81 9.14 10.17 11.79 12.54 13.81 14.09 17.92 21.9 22.88 25.01 26.41 30.06 31.08 33.41 35.14 39.71 47.46 50.26
7.37 10.01 10.96 12.38 12.46 14.62 14.97 15.0 16.35 17.63 18.2 20.24 21.43 21.57 21.64 21.8 22.31 22.79 25.48 26.96 27.16 27.39 28.05 29.27 29.72 33.6 34.37 35.83 36.99 47.71
7.27 10.8 10.96 10.99 11.32 11.32 11.77 11.87 12.44 12.62 13.27 13.29 13.87 13.98 18.62 19.73 20.51 20.61 22.61 22.76 24.41 24.5 25.37 25.4 26.74 26.79 36.44 48.42 51.55 58.62
8.28 9.06 11.78 11.95 12.17 14.33 14.53 14.58 14.95 16.7 16.7 17.2 17.91 18.2 18.54 19.46 19.66 21.14 21.87 22.84 23.57 23.88 25.61 25.99 27.7 29.52 31.76 35.21 35.68 36.83
0.85 0.91 1.43 2.05 3.27 3.78 5.54 6.05 7.23 8.11 9.39 9.56 9.65 10.52 11.95 17.83 18.78 20.5 21.97 23.22 23.77 25.73 26.6 31.08 34.3 35.84 37.99 41.47 41.51 57.42
0.48 1.38 3.11 3.81 4.48 4.63 4.87 4.93 5.03 5.17 7.67 8.07 9.19 11.04 11.78 13.65 14.59 14.85 16.61 17.65 17.98 18.6 22.96 23.2 23.25 28.3 36.72 43.59 47.75 63.42
0.78 1.11 3.01 3.45 4.57 5.01 5.54 6.06 6.3 6.66 9.65 10.15 10.63 10.64 11.52 11.94 13.96 14.15 16.52 18.51 24.47 28.69 28.95 28.99 30.61 33.38 34.76 36.86 52.1 56.59
6.38 6.52 6.92 9.58 10.52 10.8 11.99 12.95 13.81 14.13 18.68 19.41 20.1 20.25 20.71 21.31 22.39 23.24 23.69 24.92 26.38 27.05 27.15 30.94 31.01 33.22 33.34 34.55 36.38 41.99
6.91 7.94 8.3 9.8 10.58 10.62 12.09 12.4 13.99 14.11 14.36 14.6 14.93 15.3 16.27 16.44 17.32 17.46 17.49 17.91 18.18 19.15 23.87 29.04 31.21 33.78 38.03 39.4 43.01 43.5
7.48 7.98 9.63 9.97 12.73 13.34 14.83 15.1 15.34 15.58 16.34 17.33 19.38 19.4 21.26 22.25 22.61 22.7 23.1 24.86 25.63 27.97 28.3 34.66 35.93 36.75 39.46 52.21 63.83 64.8
6.64 7.3 8.06 9.06 9.45 10.29 11.03 12.15 12.63 14.19 14.29 15.49 18.15 18.28 18.28 19.04 19.48 20.15 22.55 22.67 24.45 25.45 28.05 28.48 29.96 33.05 33.23 35.53 42.01 50.1
2.19 2.8 3.55 5.34 5.62 6.92 8.19 8.55 9.99 10.61 10.96 11.38 14.28 14.46 14.76 15.16 15.37 16.34 17.68 17.68 17.7 19.6 19.9 24.1 24.71 26.01 26.72 30.91 36.47 45.27
5.16 5.45 5.9 6.02 9.18 10.53 10.58 10.96 12.22 14.14 14.23 15.74 15.87 16.49 18.71 20.53 22.19 22.48 23.92 24.62 25.68 26.52 26.9 30.74 34.33 34.57 37.74 42.92 54.82 62.25
0.32 1.41 1.46 3.15 3.41 3.86 4.94 5.3 5.51 9.45 10.43 11.78 14.71 14.87 15.3 15.71 18.08 18.55 19.94 23.3 23.52 30.09 30.98 31.78 34.44 35.81 36.7 43.81 60.88 103.84
4.62 5.89 6.21 8.58 10.48 11.84 12.31 12.94 13.85 13.89 15.17 15.45 18.76 18.84 19.95 20.73 21.64 25.91 26.34 28.59 29.11 30.75 34.41 34.44 34.49 36.99 42.86 49.99 59.24 60.33
4.57 4.83 6.44 6.72 7.32 7.44 7.64 7.81 9.5 11.08 12.76 14.35 15.15 15.17 16.18 16.83 18.33 23.75 24.46 24.6 25.72 26.83 28.58 31.04 33.13 37.42 41.81 57.52 66.51 75.2
9.23 9.58 10.28 11.63 11.72 12.83 15.16 15.81 16.97 17.32 17.71 17.86 18.81 19.01 19.52 20.32 20.9 23.61 26.04 27.52 29.43 33.75 37.23 37.45 40.61 42.17 42.27 46.52 50.2 59.29
0.71 0.95 1.68 4.81 5.11 5.86 6.45 6.71 9.22 9.4 10.05 10.37 13.06 15.75 15.93 19.87 20.66 20.89 21.35 22.3 28.31 28.79 30.11 32.15 32.31 35.73 46.35 48.6 54.03 68.1
1.25 5.08 6.88 7.31 9.37 9.88 11.91 12.67 14.18 14.7 14.73 18.38 20.74 21.08 22.61 23.22 24.73 28.33 29.71 31.61 33.35 36.25 38.98 42.0 44.26 45.94 46.71 61.58 68.93 91.79
4.95 6.84 7.33 8.12 9.94 10.03 10.06 11.2 11.35 11.74 13.45 13.64 13.91 16.17 18.08 18.25 18.8 18.94 19.25 19.42 19.46 19.75 20.98 22.99 24.16 24.35 25.97 30.83 33.77 34.61

Replacement Cost
301.0 239.0 335.0 285.0 238.0 380.0 333.0 326.0 311.0 399.0 280.0 299.0 227.0 332.0 319.0 279.0 382.0 217.0 222.0 394.0 217.0 338.0 221.0 358.0 337.0 216.0 300.0 206.0 366.0 331.0

Failure Cost
602.0 478.0 670.0 570.0 476.0 760.0 666.0 652.0 622.0 798.0 560.0 598.0 454.0 664.0 638.0 558.0 764.0 434.0 444.0 788.0 434.0 676.0 442.0 716.0 674.0 432.0 600.0 412.0 732.0 662.0

Maintenance Action
29.0 22.0 33.0 29.0 20.0 36.0 30.0 36.0 34.0 37.0 28.0 24.0 22.0 27.0 27.0 28.0 36.0 16.0 29.0 37.0 21.0 26.0 23.0 35.0 36.0 25.0 37.0 19.0 46.0 32.0
23.0 12.0 16.0 19.0 17.0 22.0 22.0 14.0 16.0 21.0 16.0 22.0 13.0 17.0 22.0 18.0 30.0 12.0 12.0 23.0 17.0 18.0 16.0 31.0 30.0 19.0 18.0 15.0 23.0 26.0
8.0 4.0 4.0 11.0 8.0 5.0 13.0 10.0 6.0 9.0 8.0 10.0 4.0 7.0 6.0 6.0 5.0 4.0 8.0 13.0 9.0 5.0 2.0 13.0 9.0 7.0 8.0 10.0 14.0 4.0

Maintenance Action Effect
0.43 0.39 0.42 0.47 0.4 0.37 0.37 0.43 0.37 0.41 0.49 0.4 0.4 0.42 0.41 0.39 0.43 0.36 0.48 0.36 0.48 0.39 0.44 0.43 0.39 0.5 0.44 0.4 0.44 0.48
0.3 0.25 0.24 0.32 0.31 0.25 0.31 0.21 0.24 0.21 0.23 0.29 0.29 0.24 0.27 0.23 0.34 0.29 0.27 0.28 0.33 0.25 0.3 0.34 0.3 0.33 0.27 0.32 0.3 0.27
0.12 0.07 0.05 0.14 0.12 0.07 0.19 0.15 0.08 0.08 0.1 0.17 0.09 0.11 0.08 0.08 0.07 0.09 0.19 0.13 0.15 0.06 0.06 0.16 0.14 0.13 0.14 0.19 0.2 0.06

Asset Max Health
100

Max Replacement Cost
399.0

Min Replacement Cost
206.0

Max Maintenance Action Cost
46.0 31.0 14.0

Min Maintenance Action Cost
16.0 12.0 2.0