Asset Number
30

Time Window
20

Maintenance Types
3

Risk Free Rate Minus
0.00774

Maintenance Types
0.08

Sample Size
30

Initial Condition
58.0 61.0 61.0 74.0 75.0 66.0 72.0 74.0 72.0 70.0 65.0 60.0 62.0 65.0 58.0 62.0 73.0 61.0 76.0 75.0 74.0 73.0 69.0 74.0 66.0 68.0 69.0 61.0 66.0 73.0

Degradation Matrix
2.01 2.12 2.38 2.58 2.65 2.77 3.53 3.7 3.71 3.78 4.32 4.36 4.41 4.58 4.59 4.74 4.91 5.12 5.27 5.31 5.46 5.5 5.75 5.86 6.06 6.62 7.92 8.07 8.28 9.2
1.56 2.0 2.24 2.35 2.38 3.4 3.78 4.19 4.2 4.21 4.31 4.36 4.6 4.66 4.79 4.94 5.19 5.19 5.84 5.93 6.28 6.34 6.75 7.22 7.96 8.42 9.2 9.51 9.91 10.27
2.31 2.86 3.46 3.69 3.89 3.9 3.96 4.28 4.47 4.49 4.59 4.63 4.84 4.95 4.99 5.03 5.06 5.36 5.44 5.48 5.58 5.72 5.87 6.29 6.57 6.73 6.89 7.06 7.28 8.85
2.18 2.65 3.11 3.25 3.49 3.63 3.75 4.01 4.02 4.07 4.1 4.16 4.83 4.89 5.29 5.55 5.71 5.74 5.9 5.97 6.08 6.17 6.23 6.23 6.61 6.83 6.86 7.0 7.37 7.69
1.32 1.77 2.25 2.52 2.62 2.68 2.73 3.33 3.35 3.48 3.54 3.55 3.79 4.03 4.4 4.48 4.54 4.86 4.93 5.67 6.31 6.44 6.72 6.94 7.04 7.36 7.85 8.0 10.0 11.49
2.39 2.9 2.97 3.17 3.21 3.35 3.37 3.49 4.0 4.51 4.54 4.56 4.57 4.9 5.02 5.02 5.41 5.49 5.74 5.77 5.85 6.12 6.39 6.54 6.82 6.82 7.05 7.89 8.04 9.22
2.35 2.51 2.61 2.81 2.94 3.21 3.34 3.95 4.2 4.29 4.4 4.42 4.49 4.67 4.67 5.04 5.04 5.16 5.33 5.89 5.92 5.98 6.52 7.08 7.17 7.2 7.28 7.68 7.76 9.96
2.39 3.06 3.12 3.15 3.2 3.62 3.67 3.72 3.77 3.84 3.86 4.12 4.18 4.82 4.88 4.9 4.99 5.0 5.12 5.35 5.37 5.77 5.96 5.98 6.2 6.43 6.47 6.48 6.75 7.56
2.25 2.69 2.82 2.88 3.08 3.1 3.34 3.41 4.16 4.35 4.63 4.65 4.86 4.86 4.92 4.95 5.02 5.53 5.67 5.97 6.01 6.23 6.61 6.76 6.81 6.96 6.97 7.8 7.86 9.44
2.76 2.9 3.3 3.34 3.79 3.8 3.83 4.2 4.22 4.34 4.51 4.63 4.67 4.74 5.06 5.15 5.21 5.39 5.57 5.59 5.66 5.85 6.05 6.1 6.15 6.5 6.51 6.79 7.37 8.7
2.21 2.88 2.89 3.03 3.52 3.85 3.89 4.08 4.09 4.11 4.46 4.55 4.61 4.67 4.71 4.85 5.26 5.35 5.39 5.49 5.53 5.58 5.62 5.86 6.29 6.45 6.75 7.02 7.52 7.96
2.13 2.75 2.76 3.58 3.63 3.7 3.88 4.15 4.22 4.38 4.39 4.6 4.76 4.81 4.98 5.05 5.13 5.24 5.36 5.39 5.42 5.54 5.56 5.62 6.17 6.21 6.59 6.65 7.37 9.22
2.88 3.58 3.63 3.79 3.96 4.0 4.11 4.14 4.15 4.16 4.36 4.37 4.56 4.74 4.87 5.02 5.04 5.2 5.43 5.5 5.53 5.57 5.75 6.18 6.26 6.38 6.47 6.79 7.12 7.3
3.21 3.4 3.85 4.03 4.24 4.31 4.48 4.49 4.53 4.58 4.68 4.76 4.8 4.84 4.97 5.08 5.1 5.12 5.21 5.3 5.31 5.44 5.59 5.6 5.64 5.82 5.93 6.1 6.85 7.01
1.66 2.3 2.47 2.57 2.74 2.92 3.16 3.46 3.54 3.68 3.91 3.96 3.98 4.06 4.07 4.09 4.19 4.62 4.76 4.84 4.92 4.98 5.03 5.07 5.82 5.87 5.87 6.12 6.4 7.59
1.77 1.91 2.57 2.6 3.13 3.19 3.26 3.3 3.53 3.71 3.79 3.81 3.86 3.93 3.93 4.17 4.56 4.6 4.7 4.73 4.85 5.01 5.07 5.21 5.21 5.63 6.51 6.86 11.73 12.14
1.73 2.07 2.69 3.55 3.74 3.82 3.82 3.98 4.18 4.39 4.43 4.58 4.67 4.82 4.99 5.01 5.1 5.14 5.46 5.48 5.58 5.59 5.66 6.11 6.68 6.79 7.62 7.84 8.18 9.76
2.21 2.46 2.93 2.95 3.12 3.44 3.45 3.47 3.48 3.75 3.76 3.86 3.91 3.92 3.97 4.34 4.36 4.73 4.92 5.01 5.28 5.48 5.5 5.71 5.85 6.03 6.03 6.8 8.41 8.69
1.1 1.18 1.18 2.1 2.29 2.39 2.8 2.91 2.99 3.22 3.46 3.61 3.78 3.8 4.19 4.37 5.32 5.39 5.8 5.82 5.92 5.93 5.99 6.07 6.42 6.66 6.71 7.46 8.9 10.06
3.12 3.21 3.34 3.57 3.61 3.69 3.78 3.9 3.97 4.12 4.35 4.5 4.59 4.62 4.64 4.65 4.76 4.8 4.85 4.87 5.08 5.33 5.58 5.82 5.92 6.11 6.18 6.24 6.43 7.57
2.4 2.88 3.31 3.44 3.61 3.8 3.88 3.97 4.01 4.08 4.21 4.25 4.26 4.33 4.38 4.39 4.42 4.42 4.48 4.62 4.65 5.07 5.12 5.29 5.45 5.59 5.68 5.74 5.82 6.96
1.88 2.08 2.23 2.31 2.66 2.72 3.32 3.4 3.5 3.58 3.61 3.72 3.82 3.86 3.9 4.18 4.62 4.79 5.24 5.77 6.29 6.37 6.43 7.09 7.18 7.93 8.31 8.55 8.59 10.08
2.81 2.87 3.69 3.73 3.88 4.1 4.12 4.37 4.43 4.44 4.46 4.54 4.63 4.72 4.79 5.02 5.17 5.19 5.34 5.62 5.64 5.86 6.0 6.25 6.82 7.57 8.12 8.3 8.55 8.57
2.73 2.81 3.15 3.39 3.73 3.77 3.91 3.96 4.23 4.29 4.52 4.61 4.68 4.7 4.71 4.72 4.91 4.93 5.2 5.37 5.61 5.64 5.82 5.87 5.89 5.91 5.95 5.97 6.72 7.23
2.84 2.88 3.33 3.39 3.47 3.92 4.12 4.22 4.44 4.46 4.63 4.67 4.73 5.0 5.04 5.08 5.16 5.16 5.3 5.37 5.46 5.59 5.61 5.7 5.95 6.01 6.23 6.37 6.62 8.14
1.76 1.96 2.2 2.79 2.93 3.06 3.13 3.46 3.62 3.67 3.72 3.82 3.89 3.98 4.76 4.8 4.8 4.94 5.09 5.1 5.12 5.18 5.81 5.95 6.04 6.45 6.97 7.14 7.66 7.88
2.7 2.99 3.15 3.3 3.37 3.4 3.52 3.6 3.62 3.77 4.43 4.5 4.5 4.65 4.98 5.02 5.08 5.24 5.32 5.38 5.81 5.93 5.94 6.37 6.39 6.42 6.96 7.12 7.23 7.84
2.53 2.87 2.93 3.18 3.35 3.65 3.76 3.91 4.11 4.31 4.45 4.48 4.86 5.17 5.22 5.23 5.44 5.78 5.85 5.93 5.96 6.79 6.99 7.13 7.25 7.51 7.51 7.95 8.13 8.93
2.27 2.29 2.6 2.87 3.42 3.58 3.69 3.95 4.13 4.29 4.52 4.52 4.66 4.74 5.32 5.64 5.67 5.68 5.78 5.79 5.93 6.48 6.7 6.76 6.83 6.84 7.11 7.54 8.56 8.96
3.09 3.11 3.13 3.13 3.42 3.43 3.46 3.7 3.71 3.89 4.05 4.34 4.39 4.74 4.92 4.97 5.03 5.06 5.11 5.12 5.29 5.45 5.6 5.74 6.1 6.21 6.31 6.39 7.0 7.22

Replacement Cost
257.0 322.0 248.0 331.0 325.0 380.0 381.0 364.0 388.0 296.0 305.0 339.0 278.0 271.0 387.0 243.0 340.0 385.0 398.0 348.0 286.0 333.0 250.0 320.0 286.0 339.0 300.0 344.0 235.0 202.0

Failure Cost
514.0 644.0 496.0 662.0 650.0 760.0 762.0 728.0 776.0 592.0 610.0 678.0 556.0 542.0 774.0 486.0 680.0 770.0 796.0 696.0 572.0 666.0 500.0 640.0 572.0 678.0 600.0 688.0 470.0 404.0

Maintenance Action
13.0 18.0 12.0 14.0 18.0 17.0 21.0 15.0 14.0 12.0 14.0 14.0 17.0 14.0 17.0 10.0 19.0 20.0 19.0 20.0 16.0 15.0 15.0 16.0 14.0 16.0 13.0 15.0 10.0 7.0
7.0 15.0 8.0 16.0 13.0 12.0 13.0 12.0 14.0 10.0 12.0 11.0 9.0 9.0 13.0 9.0 12.0 18.0 16.0 10.0 9.0 11.0 8.0 10.0 9.0 12.0 12.0 12.0 8.0 7.0
6.0 7.0 5.0 7.0 9.0 10.0 9.0 9.0 10.0 7.0 8.0 6.0 5.0 6.0 8.0 6.0 7.0 9.0 11.0 9.0 6.0 6.0 6.0 8.0 7.0 8.0 5.0 8.0 5.0 4.0

Maintenance Action Effect
0.76 0.86 0.81 0.79 0.87 0.83 0.79 0.8 0.75 0.86 0.8 0.75 0.86 0.77 0.88 0.81 0.8 0.78 0.83 0.81 0.86 0.8 0.83 0.77 0.89 0.75 0.85 0.86 0.84 0.78
0.55 0.68 0.63 0.67 0.59 0.64 0.69 0.65 0.61 0.59 0.69 0.64 0.58 0.58 0.61 0.68 0.62 0.7 0.68 0.61 0.68 0.63 0.58 0.55 0.64 0.65 0.69 0.56 0.62 0.56
0.4 0.43 0.39 0.35 0.47 0.44 0.4 0.42 0.5 0.47 0.48 0.35 0.38 0.41 0.42 0.38 0.38 0.42 0.39 0.49 0.43 0.41 0.41 0.44 0.48 0.46 0.37 0.38 0.35 0.42

Asset Max Health
100

Max Replacement Cost
398.0

Min Replacement Cost
202.0

Max Maintenance Action Cost
21.0 18.0 11.0

Min Maintenance Action Cost
7.0 7.0 4.0