Asset Number
30

Time Window
5

Maintenance Types
3

Risk Free Rate Minus
0.00774

Maintenance Types
0.08

Sample Size
30

Initial Condition
64.0 73.0 70.0 68.0 70.0 73.0 73.0 79.0 76.0 81.0 73.0 68.0 68.0 69.0 78.0 81.0 75.0 70.0 72.0 65.0 82.0 67.0 74.0 83.0 76.0 74.0 70.0 83.0 82.0 70.0

Degradation Matrix
7.91 8.96 9.13 9.27 13.89 15.43 15.85 16.47 16.63 17.28 17.53 18.11 19.67 20.17 20.36 21.08 21.61 21.83 21.94 22.55 23.29 24.05 24.23 25.54 26.02 26.6 27.68 27.73 27.89 31.98
9.39 10.56 12.54 12.91 13.88 13.9 14.15 15.9 16.55 17.19 17.51 17.72 18.56 19.27 20.28 20.34 20.78 20.87 21.56 22.22 22.42 22.62 23.29 23.44 24.07 24.18 25.53 27.88 29.93 31.02
5.22 10.0 11.49 12.09 12.68 13.57 15.41 15.63 15.94 17.1 18.25 18.95 20.43 21.5 21.64 21.71 22.16 22.19 22.74 24.36 24.97 25.96 28.72 29.4 31.84 32.62 33.4 33.94 34.69 37.83
7.25 11.14 12.5 12.52 12.67 16.87 16.99 17.0 17.38 17.57 17.85 18.14 19.0 19.59 19.79 19.94 20.18 20.86 21.86 22.42 22.7 22.89 23.39 23.78 23.81 24.17 25.96 27.18 29.56 32.09
10.0 10.27 12.77 12.77 13.38 13.58 14.3 14.39 14.95 15.08 15.13 15.77 17.4 18.61 18.96 20.82 21.54 21.68 21.75 22.56 22.75 24.0 24.05 24.99 27.59 28.95 29.39 31.34 32.34 33.65
8.66 10.53 10.84 15.15 15.35 15.74 15.87 16.03 16.16 17.4 17.52 17.52 17.8 17.93 18.45 18.84 19.13 20.58 20.65 23.82 25.23 25.4 25.6 25.7 26.85 27.22 28.26 28.58 29.04 36.44
7.91 8.28 9.1 10.02 10.2 11.21 11.59 11.69 12.59 14.14 16.29 16.42 16.46 17.62 18.69 19.04 21.18 21.65 21.8 22.31 22.34 23.09 25.51 25.73 25.74 26.73 29.8 30.06 31.62 39.95
9.89 10.16 10.23 11.01 11.01 11.53 13.04 13.96 14.15 14.58 14.59 14.78 14.91 14.99 16.9 18.63 20.92 21.29 22.37 23.29 24.56 25.38 27.04 27.17 28.79 30.1 31.32 31.97 35.99 37.74
7.44 11.02 12.29 13.73 14.04 15.89 16.21 17.03 17.24 17.31 17.45 17.76 18.9 19.08 19.99 20.74 20.76 21.5 21.78 22.26 23.73 24.87 25.57 25.64 25.97 27.07 28.17 28.41 34.09 34.53
8.87 9.22 9.89 10.4 11.03 11.43 12.9 13.07 15.16 15.44 17.0 17.59 17.65 17.89 17.94 18.13 18.7 19.59 19.83 19.94 20.54 20.84 21.19 22.02 23.04 23.81 23.96 26.39 27.48 30.95
8.27 8.76 9.12 10.76 10.91 14.04 14.75 15.71 15.76 16.17 16.32 16.61 17.29 17.92 18.63 19.17 19.59 20.87 21.86 23.41 24.76 26.34 27.89 28.63 28.84 29.6 31.08 31.29 35.55 38.41
10.98 11.26 11.36 12.8 13.55 13.7 14.18 14.19 14.3 14.85 16.57 16.83 17.81 18.89 19.66 19.93 20.14 20.72 20.97 22.64 22.75 23.43 24.57 25.23 26.75 27.39 27.43 28.53 39.69 44.03
7.39 10.56 12.56 13.58 13.77 13.82 14.43 15.52 15.65 16.34 17.28 17.29 17.54 17.63 17.73 18.07 18.59 18.81 19.33 22.24 22.35 22.95 24.37 26.68 26.99 27.72 28.7 31.21 32.17 40.24
8.96 11.76 12.81 12.92 13.51 13.61 13.77 13.98 14.04 14.63 15.34 16.43 16.8 17.31 17.51 17.94 18.53 18.79 19.05 20.38 22.83 22.94 23.16 23.64 25.04 28.69 28.89 31.88 32.42 33.92
8.37 9.98 10.99 12.59 13.35 14.45 16.29 16.4 17.93 18.11 19.05 19.42 19.78 20.25 20.91 21.93 23.03 23.47 23.66 24.67 25.33 26.84 27.69 27.74 29.11 29.18 30.69 32.02 32.2 37.85
8.81 9.56 11.3 13.09 13.27 14.95 15.76 15.99 17.07 17.19 18.54 19.13 19.24 19.42 20.12 20.15 20.33 21.03 21.47 22.35 23.25 23.54 23.57 23.72 23.86 24.71 25.85 29.14 29.35 30.31
10.83 11.19 12.98 14.35 14.96 15.74 15.76 16.8 16.85 17.1 17.11 17.34 17.73 17.95 18.33 18.52 18.86 19.02 20.19 20.45 21.35 21.97 22.49 24.28 25.11 27.19 27.52 27.89 28.31 32.1
8.91 9.29 9.33 10.28 10.77 11.15 11.52 12.15 12.46 13.51 15.26 16.02 16.33 17.07 17.79 20.7 21.02 21.51 21.58 21.58 22.52 24.09 24.41 25.36 25.97 27.51 28.95 32.01 32.33 38.74
8.69 11.76 11.91 12.81 14.04 14.23 15.66 15.68 15.8 15.88 16.59 17.53 18.08 18.23 18.46 19.14 19.26 19.43 20.68 20.86 21.5 21.67 22.71 24.22 24.83 25.35 26.12 26.14 28.4 29.56
8.73 9.24 9.68 9.84 10.91 13.33 13.95 16.79 16.84 17.34 17.83 18.48 19.28 19.33 19.46 19.71 20.7 20.75 20.93 24.09 24.67 26.38 27.01 27.48 28.03 28.31 30.72 31.83 32.73 36.31
10.96 11.12 14.36 15.27 15.68 15.88 16.21 17.85 18.15 18.26 18.75 19.23 19.44 19.44 19.59 19.69 19.75 20.71 23.37 23.75 24.58 25.07 25.15 25.6 26.37 27.59 28.17 29.07 30.2 31.8
9.96 10.5 11.62 12.95 13.34 13.86 16.17 16.72 16.91 17.0 17.17 17.39 17.75 17.9 18.66 18.74 19.35 19.46 20.13 20.25 20.98 21.45 22.67 23.67 25.25 25.26 25.87 27.07 27.94 28.41
8.46 11.03 11.53 12.05 13.37 13.62 14.27 14.55 14.79 15.57 16.16 16.49 17.42 17.71 17.73 17.88 18.05 18.12 19.09 20.66 23.92 25.02 25.73 26.56 27.14 28.18 28.4 30.71 32.94 32.97
8.24 8.56 9.9 10.73 10.89 12.56 13.24 13.97 14.51 16.27 16.47 16.62 16.93 17.36 17.99 18.42 18.74 18.93 19.07 19.09 19.39 19.43 19.86 20.92 23.27 26.26 28.21 30.26 30.71 31.36
7.95 8.41 9.13 11.69 11.69 13.04 13.11 13.14 15.03 15.9 16.09 16.17 16.69 17.16 17.24 17.28 17.49 18.69 19.01 19.03 19.5 19.51 19.79 20.45 20.91 22.35 25.4 26.79 27.11 27.17
9.63 9.98 12.97 13.32 15.62 16.01 16.43 17.15 18.04 18.75 19.36 20.58 20.68 20.77 20.79 20.81 21.01 21.21 21.9 22.89 23.12 23.27 24.21 24.61 25.28 27.15 29.96 31.38 36.57 37.11
7.6 7.86 12.12 13.47 13.7 13.83 15.0 15.6 15.69 15.83 16.27 16.46 17.63 18.49 20.67 21.57 21.92 22.13 22.46 25.18 26.13 26.81 28.45 31.74 31.85 31.93 34.38 35.82 41.13 41.92
8.8 10.34 10.53 10.77 11.04 12.54 12.57 12.86 13.1 13.82 14.41 14.71 15.59 16.96 17.06 17.55 17.71 17.97 18.21 18.37 19.4 19.58 21.68 21.97 22.07 23.81 25.35 25.92 26.11 26.8
6.2 6.72 8.41 10.03 10.37 10.56 11.35 12.42 12.6 13.62 14.11 14.13 15.5 15.71 16.2 16.33 16.33 17.59 17.74 17.76 20.56 21.57 22.15 22.34 25.68 30.13 30.97 35.2 37.47 42.51
12.64 13.67 14.32 15.16 15.42 16.57 16.77 16.94 17.5 17.73 17.89 18.01 18.25 18.26 18.35 19.46 20.57 20.61 20.84 20.98 20.99 21.03 21.79 21.84 22.37 22.83 23.5 26.22 28.45 29.73

Replacement Cost
329.0 342.0 324.0 244.0 354.0 228.0 306.0 217.0 379.0 378.0 364.0 283.0 267.0 310.0 388.0 340.0 255.0 381.0 220.0 399.0 350.0 388.0 242.0 206.0 337.0 373.0 268.0 257.0 300.0 287.0

Failure Cost
658.0 684.0 648.0 488.0 708.0 456.0 612.0 434.0 758.0 756.0 728.0 566.0 534.0 620.0 776.0 680.0 510.0 762.0 440.0 798.0 700.0 776.0 484.0 412.0 674.0 746.0 536.0 514.0 600.0 574.0

Maintenance Action
54.0 70.0 58.0 59.0 78.0 37.0 69.0 33.0 72.0 85.0 65.0 63.0 46.0 60.0 88.0 83.0 52.0 85.0 39.0 79.0 75.0 74.0 43.0 49.0 59.0 91.0 52.0 42.0 60.0 57.0
48.0 43.0 55.0 39.0 57.0 32.0 44.0 29.0 52.0 53.0 64.0 43.0 46.0 36.0 57.0 65.0 41.0 57.0 36.0 50.0 58.0 63.0 42.0 23.0 41.0 54.0 40.0 45.0 40.0 52.0
27.0 41.0 34.0 26.0 28.0 28.0 29.0 23.0 51.0 36.0 46.0 28.0 25.0 36.0 39.0 32.0 21.0 37.0 16.0 36.0 38.0 44.0 26.0 18.0 25.0 34.0 35.0 21.0 26.0 28.0

Maintenance Action Effect
0.82 0.83 0.87 0.84 0.83 0.8 0.84 0.77 0.8 0.83 0.85 0.83 0.76 0.79 0.79 0.86 0.88 0.8 0.8 0.81 0.77 0.81 0.82 0.82 0.78 0.82 0.76 0.81 0.84 0.84
0.67 0.59 0.58 0.69 0.69 0.64 0.58 0.64 0.64 0.63 0.65 0.61 0.66 0.55 0.61 0.68 0.59 0.69 0.63 0.63 0.63 0.67 0.66 0.57 0.57 0.68 0.55 0.69 0.6 0.64
0.39 0.49 0.43 0.4 0.36 0.44 0.47 0.45 0.46 0.36 0.45 0.36 0.41 0.45 0.47 0.39 0.41 0.36 0.37 0.43 0.41 0.43 0.45 0.42 0.36 0.37 0.49 0.38 0.41 0.46

Asset Max Health
100

Max Replacement Cost
399.0

Min Replacement Cost
206.0

Max Maintenance Action Cost
91.0 65.0 51.0

Min Maintenance Action Cost
33.0 23.0 16.0