Asset Number
30

Time Window
5

Maintenance Types
3

Risk Free Rate Minus
0.00774

Maintenance Types
0.08

Sample Size
30

Initial Condition
74.0 81.0 85.0 92.0 91.0 74.0 75.0 83.0 89.0 93.0 76.0 91.0 92.0 83.0 76.0 85.0 82.0 86.0 86.0 82.0 77.0 84.0 88.0 89.0 81.0 87.0 77.0 90.0 78.0 86.0

Degradation Matrix
6.13 7.64 8.62 9.55 9.94 10.56 11.18 11.2 11.78 11.81 11.86 12.83 13.06 13.82 14.28 15.13 15.3 15.38 18.83 23.59 24.43 24.5 24.65 25.18 27.11 27.26 28.28 29.24 35.21 36.48
5.53 6.76 8.27 10.36 10.91 11.88 11.97 12.05 12.93 14.4 14.54 15.5 15.71 16.09 16.15 16.17 17.69 17.72 19.11 19.4 20.82 22.52 24.28 25.0 25.77 28.08 31.4 36.16 36.31 41.17
2.4 2.58 3.6 5.3 8.04 8.81 9.03 11.4 12.89 15.06 17.86 20.71 20.79 21.63 23.29 25.69 25.91 26.55 27.08 31.25 31.82 32.77 33.17 34.34 34.47 35.32 43.35 46.58 61.84 80.02
1.15 1.99 2.58 4.55 5.3 6.21 6.74 6.8 7.28 10.04 10.22 10.47 12.02 13.83 14.25 14.92 14.97 18.06 20.03 22.28 24.89 26.84 32.6 33.41 40.72 41.85 44.99 45.28 49.1 60.01
0.53 2.66 2.83 4.67 5.03 5.26 7.79 8.67 8.96 9.28 10.76 12.22 12.91 15.19 15.3 17.22 18.71 19.49 23.12 25.32 26.25 26.68 27.0 33.96 35.99 38.01 39.63 42.97 45.45 47.91
4.09 4.48 4.79 5.5 5.57 5.88 7.06 9.72 10.39 10.68 11.82 13.89 13.95 15.0 16.47 18.24 18.26 18.27 19.09 21.47 21.96 30.6 32.89 33.59 40.67 43.37 44.17 56.73 73.4 81.03
2.06 3.44 5.48 7.46 8.33 8.35 8.95 9.08 9.86 10.02 10.22 10.34 12.22 12.26 13.57 16.98 17.82 17.96 23.76 24.24 26.18 26.77 27.32 27.48 31.21 35.0 35.92 39.13 48.11 57.82
2.68 3.72 4.14 5.05 7.59 8.31 8.38 9.68 10.18 10.58 12.31 14.04 14.17 15.03 15.15 16.15 18.24 18.7 19.55 20.4 20.78 20.98 21.8 21.86 27.81 33.65 36.37 36.9 37.57 43.17
2.89 4.17 4.66 5.37 5.57 5.96 6.71 8.21 9.1 13.75 14.46 14.85 15.56 16.39 18.48 19.08 20.84 20.95 21.79 22.92 23.77 25.73 25.8 27.58 29.05 31.23 32.31 32.79 43.86 57.25
5.99 8.66 8.81 9.82 10.31 10.61 10.86 11.9 12.77 12.88 14.39 15.54 18.1 19.73 20.19 20.43 21.34 24.35 24.81 26.59 26.8 27.94 27.96 28.07 28.82 31.7 33.09 36.46 37.4 49.61
4.57 4.7 4.83 5.95 6.06 7.04 8.43 9.28 9.75 10.38 10.88 11.24 12.47 14.31 16.07 16.25 16.95 17.19 17.2 18.85 20.33 22.58 22.8 25.41 26.03 26.62 31.05 42.1 42.31 52.01
4.15 4.85 6.14 7.2 8.33 8.59 8.78 10.75 11.32 11.62 12.83 13.19 13.42 16.87 18.41 18.57 22.48 23.6 23.69 24.59 28.81 30.18 31.74 34.94 37.88 40.08 40.15 42.04 45.87 53.48
4.03 4.97 5.86 6.53 8.18 8.53 8.67 11.2 12.16 12.5 12.89 14.05 14.46 15.0 17.0 17.56 20.31 21.58 21.98 23.65 24.82 24.94 25.6 25.82 27.39 28.39 29.43 31.29 32.79 57.57
0.45 0.95 1.1 2.02 2.1 2.3 2.39 3.72 4.24 5.51 5.94 6.7 9.39 10.32 10.41 12.51 15.5 17.2 19.14 21.86 23.19 24.65 30.75 33.05 37.97 38.52 41.24 46.03 46.1 54.76
0.9 2.8 4.8 5.34 6.56 6.97 7.48 8.89 9.08 9.16 9.31 11.12 11.19 12.47 13.08 16.57 17.87 18.32 20.1 22.22 25.49 25.8 26.4 27.14 27.57 31.26 37.48 38.64 44.31 44.69
1.86 9.74 9.82 12.22 12.25 12.98 15.09 16.05 16.7 17.07 17.08 19.31 19.96 20.99 21.27 22.43 23.09 24.58 25.21 25.38 25.98 26.48 26.72 27.18 29.56 30.07 37.3 47.11 49.27 81.12
2.31 3.35 3.71 5.47 5.48 6.35 6.48 6.68 8.13 8.57 9.1 9.78 10.9 11.57 12.15 13.6 16.47 18.61 19.2 21.94 25.11 28.36 29.75 31.4 32.48 38.53 40.27 42.83 44.84 57.86
6.76 6.92 8.18 9.46 10.15 12.75 13.55 13.87 13.87 14.76 16.62 17.43 18.13 18.58 18.8 19.97 21.1 21.74 23.52 24.08 25.2 26.37 26.56 26.99 28.16 28.45 29.39 34.52 47.15 48.97
2.35 2.81 3.08 5.18 6.16 7.17 7.25 8.3 10.33 11.29 11.95 12.56 14.54 14.7 15.97 16.6 19.5 21.36 21.41 22.9 26.78 27.44 29.42 32.2 34.32 36.14 37.74 44.62 69.06 70.84
1.49 2.18 4.9 4.94 6.26 8.5 9.45 9.86 10.71 10.89 13.53 15.66 16.18 16.85 16.99 18.63 18.93 20.6 22.16 22.34 23.16 24.01 25.71 26.01 27.86 28.92 32.93 34.49 40.42 61.32
3.16 3.58 4.69 7.29 7.42 7.66 7.8 9.15 13.63 15.04 15.23 15.25 15.77 16.62 17.82 19.14 19.79 19.9 21.97 23.7 24.98 25.41 26.17 26.33 27.0 29.24 30.01 39.53 41.73 44.48
6.51 9.01 9.14 9.43 11.62 13.13 13.33 13.38 14.43 15.27 15.42 15.46 15.82 16.11 16.42 18.35 23.24 24.39 24.46 24.53 25.86 25.9 25.91 26.43 27.31 28.1 33.11 33.16 40.94 45.54
1.99 4.09 4.78 4.94 5.87 6.25 6.64 7.69 10.2 11.07 11.48 12.06 12.06 12.48 12.85 13.6 16.72 17.56 18.01 19.8 21.47 21.81 26.97 28.83 30.12 30.85 31.28 31.41 48.04 48.14
1.47 2.15 4.45 4.46 4.78 7.98 8.27 10.3 10.74 15.5 15.69 17.67 18.84 19.63 19.67 19.83 20.34 21.49 24.02 27.81 28.37 33.05 33.84 35.01 45.77 46.28 48.63 49.45 53.04 60.31
4.92 5.85 6.86 8.06 9.25 10.83 10.87 11.42 12.72 12.8 13.51 13.76 13.96 14.46 14.68 16.08 18.49 20.73 21.26 21.96 22.02 24.38 24.39 28.88 32.77 33.1 33.39 38.89 46.72 65.28
5.93 7.53 7.9 8.0 9.76 10.87 12.21 15.0 16.06 16.36 17.02 17.48 17.54 18.32 19.48 19.82 20.11 21.09 21.35 22.94 25.84 26.91 27.58 29.99 31.06 32.76 39.22 39.99 41.36 56.42
1.2 7.04 7.8 7.83 9.25 9.93 9.94 9.95 10.24 10.35 10.72 11.6 12.42 13.89 17.13 17.75 18.06 18.06 20.27 25.18 28.07 29.81 33.83 37.5 39.05 45.57 47.07 50.15 50.76 62.75
2.49 5.45 6.57 7.5 8.45 8.5 10.45 11.04 11.65 11.84 12.11 12.35 12.51 12.75 13.22 15.96 15.99 17.84 18.65 18.96 19.22 19.5 22.51 22.88 23.05 31.93 38.8 45.82 46.03 47.67
1.77 2.48 2.63 3.2 4.06 4.72 5.26 5.56 6.83 7.04 9.7 11.1 11.53 12.17 12.72 14.15 16.92 18.8 19.95 21.07 28.43 34.89 35.45 38.17 39.69 40.16 42.3 42.31 42.39 42.71
3.47 4.03 4.24 4.32 4.62 5.12 8.12 9.9 10.08 12.51 12.83 14.56 15.12 16.54 17.32 19.04 19.37 19.47 22.95 22.99 23.2 23.71 25.84 27.36 30.73 31.24 32.52 47.16 48.53 69.33

Replacement Cost
311.0 203.0 300.0 223.0 341.0 208.0 279.0 289.0 379.0 235.0 231.0 391.0 238.0 224.0 229.0 360.0 307.0 356.0 345.0 225.0 383.0 236.0 299.0 283.0 348.0 219.0 341.0 389.0 259.0 343.0

Failure Cost
622.0 406.0 600.0 446.0 682.0 416.0 558.0 578.0 758.0 470.0 462.0 782.0 476.0 448.0 458.0 720.0 614.0 712.0 690.0 450.0 766.0 472.0 598.0 566.0 696.0 438.0 682.0 778.0 518.0 686.0

Maintenance Action
46.0 19.0 23.0 17.0 37.0 27.0 20.0 24.0 32.0 22.0 23.0 41.0 24.0 19.0 30.0 49.0 33.0 36.0 41.0 21.0 44.0 17.0 22.0 31.0 38.0 25.0 35.0 31.0 27.0 31.0
15.0 8.0 24.0 16.0 20.0 16.0 20.0 21.0 22.0 16.0 13.0 27.0 14.0 13.0 12.0 22.0 27.0 24.0 21.0 12.0 30.0 17.0 26.0 16.0 21.0 17.0 17.0 23.0 13.0 20.0
13.0 8.0 5.0 8.0 7.0 9.0 9.0 14.0 4.0 3.0 10.0 16.0 3.0 6.0 4.0 16.0 7.0 12.0 14.0 2.0 7.0 6.0 14.0 8.0 11.0 8.0 4.0 16.0 13.0 8.0

Maintenance Action Effect
0.5 0.45 0.38 0.35 0.49 0.46 0.35 0.4 0.35 0.46 0.45 0.42 0.47 0.36 0.5 0.48 0.5 0.43 0.47 0.41 0.39 0.35 0.38 0.43 0.38 0.5 0.48 0.39 0.37 0.45
0.23 0.21 0.28 0.26 0.25 0.3 0.33 0.3 0.2 0.24 0.21 0.31 0.26 0.22 0.27 0.3 0.3 0.28 0.27 0.28 0.33 0.27 0.35 0.28 0.29 0.33 0.24 0.26 0.23 0.23
0.19 0.19 0.09 0.17 0.09 0.19 0.16 0.19 0.06 0.05 0.2 0.17 0.07 0.1 0.09 0.18 0.08 0.16 0.14 0.06 0.08 0.12 0.18 0.13 0.11 0.19 0.06 0.2 0.18 0.08

Asset Max Health
100

Max Replacement Cost
391.0

Min Replacement Cost
203.0

Max Maintenance Action Cost
49.0 30.0 16.0

Min Maintenance Action Cost
17.0 8.0 2.0