Asset Number
30

Time Window
20

Maintenance Types
3

Risk Free Rate Minus
0.00774

Maintenance Types
0.08

Sample Size
30

Initial Condition
43.0 51.0 51.0 45.0 45.0 44.0 46.0 60.0 62.0 53.0 61.0 58.0 43.0 54.0 59.0 52.0 59.0 53.0 59.0 62.0 54.0 50.0 47.0 59.0 54.0 46.0 44.0 62.0 55.0 48.0

Degradation Matrix
2.36 2.65 2.68 3.03 3.1 3.1 3.25 3.26 3.68 3.83 3.84 4.11 4.35 4.6 5.2 5.26 5.48 5.91 5.94 6.0 6.03 6.33 6.66 7.14 7.57 7.62 7.83 7.99 8.24 8.36
2.34 2.48 2.56 2.92 3.42 3.43 3.61 3.63 3.67 3.71 3.97 4.06 4.23 4.42 4.59 4.64 4.96 5.31 5.37 5.4 5.54 5.61 5.62 5.96 6.03 6.11 6.82 6.89 6.91 7.65
0.84 2.64 2.64 2.7 3.19 3.33 3.41 3.56 3.61 3.8 3.95 4.01 4.1 4.12 4.46 4.79 5.38 5.46 5.64 5.79 5.82 6.13 6.22 6.32 6.83 7.07 7.48 7.58 8.48 10.36
2.83 2.95 3.26 3.35 3.5 3.72 4.03 4.18 4.35 4.36 4.43 4.8 4.92 5.21 5.26 5.27 5.57 5.61 5.65 5.97 5.98 6.13 6.27 6.79 7.09 7.58 7.76 8.3 8.79 9.25
1.23 2.26 2.63 2.98 3.34 3.75 3.84 3.99 4.0 4.11 4.23 4.24 4.52 4.59 4.83 5.15 5.38 5.53 5.9 5.94 6.24 6.47 6.65 6.98 7.13 7.27 9.42 9.75 9.99 10.81
2.13 2.58 2.74 3.08 3.09 3.27 3.28 3.5 3.6 3.75 3.87 4.21 4.48 4.51 4.69 4.78 4.84 4.86 5.52 5.72 5.8 5.81 6.1 6.18 6.32 6.55 6.74 6.85 6.92 7.95
2.38 2.93 3.03 3.05 3.12 3.18 3.57 3.6 4.06 4.15 4.26 4.26 4.28 4.38 4.57 4.59 4.61 4.67 4.74 4.75 4.92 5.0 5.02 5.19 5.46 5.78 6.08 7.11 7.88 9.05
1.64 2.08 2.23 2.43 3.77 3.83 3.84 3.85 3.92 3.99 4.05 4.13 4.15 4.54 4.57 4.83 5.1 5.1 5.13 5.35 5.62 5.96 6.03 6.06 6.24 6.53 6.64 7.1 9.31 12.33
1.84 2.58 2.7 3.13 3.16 3.49 3.51 3.65 3.66 3.71 3.77 3.92 4.0 4.18 4.41 4.42 4.63 4.74 5.31 5.36 5.81 6.07 6.3 6.33 6.55 6.74 7.25 7.67 8.5 9.3
1.91 2.49 2.63 2.69 2.92 2.98 3.85 3.9 4.01 4.12 4.18 4.47 4.59 4.75 4.9 4.99 5.25 5.32 6.11 6.19 6.43 7.03 7.25 7.37 7.55 8.02 8.04 8.98 9.07 9.76
2.97 2.99 3.04 3.06 3.42 3.55 3.71 3.95 4.26 4.28 4.35 4.39 4.39 4.4 4.47 4.47 4.55 4.66 4.96 4.99 5.04 5.37 5.45 5.54 5.58 5.72 5.85 6.21 6.55 6.93
3.33 3.42 3.44 3.87 3.88 3.94 3.97 3.97 4.12 4.21 4.23 4.51 4.62 4.65 4.76 4.8 5.06 5.12 5.17 5.21 5.22 5.28 5.35 5.52 5.8 6.14 6.16 6.24 6.54 7.22
2.35 2.41 2.8 2.9 3.27 3.75 4.11 4.37 4.56 4.7 4.71 4.82 4.82 5.03 5.09 5.16 5.18 5.2 5.27 6.02 6.15 6.18 6.47 6.62 6.63 7.05 7.15 7.65 8.02 9.45
2.3 2.5 2.72 2.85 2.86 2.9 3.31 3.42 3.71 3.73 3.8 3.85 3.98 4.3 4.52 4.65 4.87 4.98 5.13 5.47 5.57 6.01 6.1 6.27 6.4 6.56 7.88 8.43 8.49 9.32
2.23 2.52 2.76 3.02 3.09 3.17 3.42 3.68 3.69 3.74 3.92 4.09 4.18 4.19 4.29 4.37 4.44 4.61 4.73 4.93 4.94 4.99 5.56 5.58 5.6 5.72 5.81 6.55 7.34 7.91
2.0 2.15 2.34 2.42 2.83 3.19 3.22 3.43 3.57 3.65 3.69 3.7 3.87 4.03 4.33 4.37 5.21 5.24 5.32 5.71 5.86 5.87 6.06 6.22 6.71 6.89 7.46 7.99 9.7 10.2
2.1 2.52 3.13 3.17 3.34 3.37 3.39 3.44 3.54 3.81 4.18 4.84 4.92 4.96 4.97 5.33 5.46 5.49 5.54 5.55 5.58 5.71 5.77 5.82 5.95 6.03 6.09 6.63 7.7 9.89
2.96 3.84 4.01 4.31 4.37 4.49 4.6 4.66 4.85 4.92 4.94 5.0 5.05 5.07 5.1 5.15 5.16 5.27 5.35 5.38 5.45 5.45 5.47 5.74 5.81 5.92 5.94 6.86 7.64 7.94
3.11 3.98 4.1 4.11 4.16 4.17 4.18 4.22 4.44 4.48 4.62 4.78 4.92 5.16 5.24 5.37 5.43 5.51 5.53 5.56 5.8 5.83 5.88 5.93 5.97 6.01 6.24 6.27 6.56 9.03
3.13 3.42 3.67 4.12 4.21 4.39 4.57 4.82 4.84 4.89 4.92 5.32 5.46 5.64 5.67 6.15 6.17 6.24 6.52 6.54 6.56 6.68 6.75 6.85 7.75 7.76 8.01 8.06 8.11 9.33
2.33 3.1 3.19 3.22 3.3 3.69 4.14 4.26 4.28 4.65 4.7 4.74 4.74 4.79 4.85 5.4 5.49 5.96 5.99 6.04 6.24 6.29 6.54 6.71 6.8 6.99 7.05 7.12 7.47 8.02
1.61 1.72 2.5 2.51 2.96 3.2 3.96 4.29 4.42 4.85 5.04 5.27 5.71 5.75 6.0 6.0 6.06 6.08 6.32 6.53 6.55 6.84 7.05 7.39 7.56 7.71 8.28 8.34 8.87 11.37
2.0 2.15 2.73 3.21 3.29 3.85 3.89 4.08 4.11 4.19 4.39 4.39 4.39 4.41 4.43 4.47 4.57 4.63 4.66 4.7 4.83 5.08 5.21 5.62 6.06 6.07 7.34 7.43 7.67 8.6
3.1 3.27 3.51 3.6 3.77 3.79 4.08 4.1 4.11 4.13 4.15 4.16 4.26 4.53 4.54 4.62 4.95 4.96 4.98 4.99 5.3 5.37 5.47 5.5 5.62 5.64 5.9 6.28 6.64 8.05
1.84 2.47 3.16 3.31 3.47 3.58 3.62 4.07 4.1 4.17 4.21 4.54 4.59 4.59 4.61 5.08 5.1 5.15 5.17 5.25 5.41 5.47 5.7 5.73 5.76 6.38 7.09 8.27 9.98 10.76
2.32 2.35 2.4 2.43 2.85 2.91 2.99 3.31 3.53 3.71 3.73 3.94 3.94 4.0 4.16 4.54 4.59 4.67 4.82 4.89 5.04 5.43 5.45 5.77 5.81 6.32 6.64 7.08 7.32 7.64
1.74 2.34 2.42 2.76 2.76 3.0 3.24 3.32 3.55 3.61 3.99 4.03 4.17 4.19 4.24 4.56 4.72 4.78 4.8 5.25 5.43 5.61 5.78 6.06 6.45 7.15 8.12 8.89 8.99 11.44
2.27 2.62 2.64 2.98 3.2 3.37 3.38 3.4 3.47 3.64 3.72 4.01 4.17 4.21 4.28 4.39 4.45 4.5 4.68 4.71 4.88 5.58 5.82 5.9 5.9 6.6 6.85 7.01 8.79 10.42
2.14 2.41 2.94 3.05 3.62 3.73 3.8 3.83 3.95 4.08 4.09 4.31 4.36 4.36 4.39 4.59 4.76 4.82 4.87 5.31 6.04 6.12 6.18 6.22 6.6 6.71 6.83 6.9 7.09 7.5
1.97 2.32 2.49 2.91 3.08 3.16 3.28 3.28 3.29 3.37 3.43 3.7 3.74 3.91 4.4 4.42 4.62 4.79 4.93 5.06 5.37 5.4 6.09 6.49 6.87 7.2 7.34 8.47 9.05 11.03

Replacement Cost
339.0 300.0 320.0 395.0 331.0 209.0 200.0 333.0 374.0 281.0 282.0 307.0 338.0 302.0 321.0 265.0 323.0 232.0 364.0 330.0 297.0 216.0 298.0 295.0 207.0 269.0 276.0 244.0 263.0 285.0

Failure Cost
678.0 600.0 640.0 790.0 662.0 418.0 400.0 666.0 748.0 562.0 564.0 614.0 676.0 604.0 642.0 530.0 646.0 464.0 728.0 660.0 594.0 432.0 596.0 590.0 414.0 538.0 552.0 488.0 526.0 570.0

Maintenance Action
8.0 6.0 7.0 9.0 8.0 5.0 5.0 10.0 10.0 7.0 6.0 7.0 7.0 6.0 7.0 5.0 6.0 7.0 9.0 8.0 6.0 7.0 9.0 5.0 5.0 5.0 6.0 6.0 7.0 6.0
5.0 4.0 4.0 5.0 4.0 2.0 3.0 7.0 4.0 4.0 4.0 3.0 4.0 5.0 4.0 3.0 4.0 3.0 7.0 5.0 4.0 4.0 6.0 3.0 3.0 6.0 4.0 3.0 3.0 3.0
3.0 2.0 1.0 2.0 1.0 1.0 1.0 1.0 1.0 2.0 2.0 3.0 2.0 1.0 1.0 1.0 2.0 1.0 1.0 1.0 2.0 1.0 1.0 0.0 2.0 1.0 2.0 2.0 1.0 2.0

Maintenance Action Effect
0.4 0.36 0.45 0.37 0.47 0.46 0.5 0.45 0.43 0.37 0.45 0.4 0.37 0.39 0.45 0.39 0.36 0.42 0.47 0.36 0.41 0.48 0.45 0.37 0.38 0.36 0.4 0.48 0.48 0.36
0.27 0.28 0.22 0.24 0.24 0.2 0.23 0.32 0.23 0.26 0.31 0.25 0.22 0.27 0.2 0.29 0.21 0.28 0.3 0.32 0.32 0.28 0.35 0.21 0.24 0.34 0.23 0.3 0.21 0.24
0.16 0.14 0.09 0.1 0.07 0.18 0.13 0.09 0.05 0.19 0.13 0.16 0.12 0.05 0.1 0.06 0.14 0.13 0.06 0.09 0.12 0.1 0.08 0.06 0.17 0.09 0.13 0.18 0.1 0.16

Asset Max Health
100

Max Replacement Cost
395.0

Min Replacement Cost
200.0

Max Maintenance Action Cost
10.0 7.0 3.0

Min Maintenance Action Cost
5.0 2.0 0.0