Asset Number
30

Time Window
20

Maintenance Types
3

Risk Free Rate Minus
0.00774

Maintenance Types
0.08

Sample Size
30

Initial Condition
34.0 40.0 46.0 50.0 51.0 35.0 46.0 44.0 36.0 53.0 42.0 38.0 35.0 45.0 49.0 48.0 36.0 41.0 39.0 48.0 40.0 52.0 40.0 42.0 50.0 42.0 40.0 53.0 46.0 46.0

Degradation Matrix
3.51 3.9 3.92 4.05 4.18 4.18 4.33 4.37 4.44 4.48 4.49 4.49 4.54 4.56 4.61 4.63 4.94 4.98 5.07 5.32 5.33 5.49 5.55 5.58 5.59 5.6 5.74 5.83 6.31 6.47
4.1 4.14 4.32 4.33 4.35 4.35 4.39 4.46 4.47 4.55 4.71 4.75 4.8 4.8 4.81 4.86 4.9 4.96 4.98 5.03 5.21 5.44 5.63 5.78 5.79 6.05 6.44 6.55 6.99 7.28
3.9 3.92 4.26 4.42 4.47 4.53 4.58 4.62 4.66 4.74 4.76 4.8 5.01 5.05 5.05 5.15 5.16 5.18 5.28 5.35 5.37 5.43 5.47 5.5 5.52 5.56 5.63 5.92 6.09 6.42
3.86 4.06 4.13 4.15 4.16 4.25 4.3 4.4 4.44 4.56 4.61 4.65 4.84 4.85 4.97 5.0 5.02 5.07 5.07 5.18 5.32 5.4 5.51 5.52 5.54 5.61 5.85 5.89 6.17 6.54
3.94 4.08 4.12 4.13 4.3 4.32 4.4 4.42 4.48 4.57 4.57 4.75 4.84 4.9 4.93 5.02 5.13 5.13 5.15 5.19 5.25 5.28 5.31 5.35 5.4 5.4 5.44 5.7 5.75 5.77
3.8 4.02 4.11 4.19 4.34 4.34 4.38 4.38 4.44 4.5 4.51 4.52 4.58 4.62 4.65 4.79 4.98 5.02 5.09 5.21 5.23 5.26 5.3 5.49 5.64 5.73 5.78 5.84 6.03 6.66
3.67 3.7 3.83 4.09 4.19 4.26 4.27 4.69 4.74 4.79 4.87 5.0 5.11 5.12 5.12 5.15 5.25 5.25 5.29 5.3 5.36 5.39 5.41 5.54 5.93 5.94 6.01 6.18 6.25 7.15
3.75 3.94 3.95 4.19 4.39 4.57 4.59 4.66 4.75 4.89 4.91 5.06 5.13 5.14 5.3 5.33 5.43 5.44 5.44 5.48 5.49 5.5 5.51 5.51 5.6 5.77 5.86 5.98 6.09 6.19
3.72 4.1 4.1 4.15 4.18 4.23 4.38 4.41 4.43 4.54 4.65 4.67 4.73 4.73 4.78 4.86 4.88 4.94 4.94 5.02 5.14 5.26 5.28 5.41 5.43 5.64 5.7 5.88 6.2 6.3
2.91 3.26 3.82 3.84 3.91 3.92 3.96 4.21 4.42 4.43 4.48 4.53 4.53 4.64 4.78 4.81 5.06 5.33 5.33 5.4 5.42 5.53 5.59 6.13 6.24 6.47 6.59 7.04 7.22 7.77
3.31 3.41 3.52 3.91 4.2 4.34 4.35 4.4 4.41 4.55 4.57 4.64 4.82 4.92 5.08 5.1 5.23 5.45 5.7 5.78 5.87 5.95 5.97 6.04 6.11 6.24 6.38 6.53 6.75 7.05
2.92 3.47 3.57 3.66 3.71 3.78 4.12 4.2 4.22 4.26 4.3 4.6 4.61 4.65 4.66 4.7 4.73 4.81 4.83 5.04 5.23 5.3 5.39 5.59 5.59 5.65 5.71 5.87 6.22 6.53
4.03 4.1 4.22 4.27 4.3 4.34 4.39 4.62 4.68 4.73 4.74 4.75 4.76 4.87 5.07 5.11 5.12 5.18 5.31 5.43 5.45 5.48 5.49 5.51 5.57 5.61 5.65 5.7 5.99 6.31
3.36 4.09 4.11 4.19 4.36 4.38 4.42 4.42 4.45 4.53 4.55 4.61 4.81 4.88 4.94 4.97 5.14 5.15 5.18 5.19 5.37 5.42 5.44 5.45 5.51 5.51 5.6 5.66 5.67 5.69
3.43 3.65 3.8 3.85 3.92 3.92 3.97 4.09 4.33 4.5 4.54 4.59 4.62 4.63 4.71 4.75 4.84 4.85 4.9 4.98 5.03 5.13 5.57 5.58 5.61 5.77 5.86 5.95 6.5 6.62
3.27 3.58 3.6 3.72 3.87 3.97 4.11 4.33 4.42 4.42 4.55 4.72 4.72 4.77 4.82 5.0 5.05 5.15 5.38 5.44 5.61 5.7 5.85 6.0 6.06 6.97 7.08 7.29 7.29 7.52
4.2 4.25 4.27 4.28 4.32 4.34 4.36 4.56 4.67 4.81 4.83 4.87 4.88 5.03 5.06 5.08 5.11 5.14 5.16 5.17 5.23 5.29 5.43 5.6 5.61 5.86 5.95 6.12 6.71 7.15
4.07 4.09 4.13 4.16 4.2 4.22 4.37 4.4 4.42 4.49 4.59 4.71 4.77 4.87 4.88 4.9 4.94 4.96 4.99 5.03 5.06 5.08 5.13 5.17 5.33 5.43 5.55 5.56 5.6 6.13
3.48 4.08 4.28 4.31 4.33 4.52 4.53 4.71 4.78 4.87 4.88 4.96 4.96 4.97 5.1 5.13 5.18 5.23 5.23 5.28 5.32 5.34 5.66 5.7 5.92 5.92 5.95 6.1 6.4 7.98
3.36 3.4 3.69 3.7 4.02 4.1 4.27 4.42 4.46 4.51 4.54 4.57 4.6 4.78 4.86 4.88 4.95 5.01 5.06 5.09 5.48 5.65 5.7 5.75 5.82 5.98 5.99 6.13 6.56 7.21
3.18 3.36 3.54 3.67 3.71 3.84 3.93 3.93 4.29 4.34 4.37 4.39 4.52 4.56 4.58 4.59 4.62 4.68 4.69 4.69 4.79 4.96 5.17 5.21 5.27 5.42 5.63 5.65 5.78 7.33
3.96 4.19 4.37 4.39 4.4 4.42 4.46 4.49 4.51 4.6 4.61 4.67 4.7 5.02 5.04 5.08 5.11 5.19 5.21 5.32 5.51 5.55 5.67 5.78 6.17 6.26 6.51 6.65 6.65 6.7
3.05 3.18 3.21 3.65 3.69 3.73 4.0 4.01 4.03 4.08 4.14 4.19 4.28 4.35 4.5 4.6 4.63 4.72 4.92 4.95 5.07 5.07 5.31 5.42 5.65 5.72 5.84 6.01 6.3 6.47
2.5 3.08 3.2 3.34 3.34 3.93 4.02 4.09 4.27 4.29 4.31 4.34 4.5 4.78 4.91 4.95 4.96 4.96 5.07 5.13 5.34 5.47 5.59 5.6 5.7 5.73 5.81 5.9 7.06 7.1
3.98 4.24 4.26 4.27 4.27 4.39 4.42 4.57 4.63 4.64 4.82 4.89 4.92 4.92 4.97 4.99 5.16 5.17 5.26 5.27 5.34 5.47 5.49 5.52 5.54 5.66 5.76 5.9 6.25 6.45
3.41 3.42 3.92 3.98 4.07 4.08 4.27 4.46 4.53 4.54 4.57 4.62 4.71 4.78 4.82 4.83 4.92 5.06 5.15 5.24 5.27 5.3 5.4 5.47 5.65 5.76 5.77 5.77 5.9 6.48
3.37 3.7 3.98 4.02 4.25 4.28 4.35 4.37 4.45 4.57 4.63 4.64 4.77 4.81 4.84 4.89 4.95 5.09 5.12 5.2 5.29 5.37 5.45 5.57 5.58 5.59 6.01 6.33 6.33 6.9
2.67 3.68 3.7 3.79 4.04 4.13 4.18 4.28 4.34 4.41 4.41 4.43 4.67 4.87 4.91 4.96 5.03 5.07 5.11 5.17 5.19 5.28 5.43 5.78 5.78 5.96 6.03 6.13 6.18 6.47
3.58 3.62 4.07 4.07 4.62 4.74 4.8 4.82 4.89 4.96 5.02 5.06 5.07 5.08 5.13 5.14 5.19 5.25 5.28 5.28 5.31 5.32 5.42 5.52 5.52 5.56 5.6 5.64 6.07 6.38
3.51 3.89 3.89 4.0 4.06 4.16 4.26 4.27 4.33 4.35 4.39 4.52 4.54 4.65 4.74 4.75 4.87 5.01 5.09 5.12 5.18 5.35 5.55 5.69 5.76 6.16 6.22 6.58 6.66 7.38

Replacement Cost
248.0 372.0 212.0 397.0 371.0 369.0 229.0 269.0 276.0 302.0 366.0 264.0 339.0 231.0 389.0 310.0 265.0 210.0 348.0 349.0 347.0 335.0 277.0 289.0 219.0 342.0 305.0 336.0 348.0 239.0

Failure Cost
496.0 744.0 424.0 794.0 742.0 738.0 458.0 538.0 552.0 604.0 732.0 528.0 678.0 462.0 778.0 620.0 530.0 420.0 696.0 698.0 694.0 670.0 554.0 578.0 438.0 684.0 610.0 672.0 696.0 478.0

Maintenance Action
15.0 18.0 10.0 20.0 21.0 17.0 12.0 12.0 16.0 16.0 16.0 13.0 13.0 10.0 19.0 14.0 14.0 9.0 20.0 16.0 14.0 13.0 13.0 14.0 12.0 14.0 14.0 15.0 20.0 11.0
11.0 15.0 8.0 14.0 12.0 11.0 7.0 10.0 10.0 11.0 14.0 8.0 11.0 7.0 14.0 11.0 9.0 8.0 13.0 15.0 13.0 11.0 10.0 11.0 6.0 12.0 10.0 11.0 10.0 10.0
5.0 8.0 4.0 8.0 7.0 8.0 6.0 5.0 5.0 9.0 8.0 5.0 7.0 7.0 10.0 7.0 7.0 5.0 6.0 7.0 8.0 6.0 7.0 8.0 6.0 9.0 7.0 7.0 7.0 4.0

Maintenance Action Effect
0.81 0.9 0.79 0.88 0.9 0.87 0.76 0.84 0.84 0.76 0.82 0.82 0.79 0.85 0.85 0.76 0.79 0.76 0.82 0.86 0.78 0.83 0.75 0.8 0.83 0.83 0.77 0.77 0.79 0.82
0.7 0.66 0.66 0.6 0.67 0.59 0.6 0.69 0.67 0.69 0.64 0.65 0.66 0.6 0.62 0.61 0.62 0.62 0.69 0.7 0.6 0.66 0.66 0.69 0.57 0.65 0.62 0.6 0.56 0.64
0.35 0.46 0.36 0.39 0.39 0.37 0.41 0.41 0.38 0.46 0.43 0.36 0.4 0.5 0.49 0.48 0.4 0.38 0.37 0.44 0.5 0.39 0.38 0.49 0.46 0.39 0.42 0.44 0.38 0.39

Asset Max Health
100

Max Replacement Cost
397.0

Min Replacement Cost
210.0

Max Maintenance Action Cost
21.0 15.0 10.0

Min Maintenance Action Cost
9.0 6.0 4.0