Asset Number
30

Time Window
5

Maintenance Types
3

Risk Free Rate Minus
0.00774

Maintenance Types
0.08

Sample Size
30

Initial Condition
95.0 77.0 89.0 89.0 88.0 83.0 88.0 92.0 81.0 84.0 79.0 92.0 80.0 75.0 86.0 82.0 89.0 91.0 80.0 85.0 94.0 81.0 87.0 93.0 83.0 94.0 90.0 76.0 76.0 94.0

Degradation Matrix
7.63 8.2 8.69 9.33 9.44 10.13 14.19 14.95 15.09 15.53 18.51 18.55 18.69 20.08 20.7 21.76 22.45 23.5 23.53 26.39 28.37 28.45 29.37 29.37 29.71 31.32 34.47 39.11 48.44 56.15
0.91 6.51 6.95 8.63 9.84 10.5 10.83 10.88 11.44 12.3 13.28 15.11 15.55 15.73 16.31 19.57 19.58 19.89 29.05 29.87 30.06 31.23 31.51 31.98 35.14 36.71 48.24 51.54 61.02 70.53
1.29 1.97 3.0 3.56 4.11 4.97 5.01 5.06 8.44 9.86 14.4 14.92 15.3 15.3 15.98 17.54 19.8 20.6 22.05 22.11 25.75 32.48 33.27 36.47 38.57 40.54 50.03 59.9 69.68 78.41
1.62 6.91 7.29 7.63 8.99 10.04 10.52 10.68 11.21 12.48 14.92 16.4 17.21 18.14 19.06 19.48 20.41 20.63 20.99 22.72 24.19 25.4 26.51 28.78 28.89 29.98 30.11 30.23 31.08 75.29
1.74 1.88 5.1 7.32 8.04 8.56 9.39 10.44 11.19 14.11 15.4 16.29 17.0 18.62 18.73 19.68 20.72 21.63 22.39 26.24 26.4 27.15 37.6 38.82 44.89 50.38 54.24 71.49 75.65 79.72
4.08 4.81 7.09 7.58 8.54 8.66 9.58 11.57 12.03 12.17 13.86 14.84 15.0 15.59 15.89 19.11 19.61 20.0 21.13 21.87 25.67 28.86 30.16 33.69 34.59 35.22 47.08 52.59 60.58 72.95
1.3 3.45 3.59 4.27 5.1 5.29 5.7 7.16 8.34 8.79 9.32 9.5 9.53 10.47 14.07 14.16 14.84 16.22 17.06 21.5 24.7 27.39 28.87 30.1 35.34 36.06 38.2 44.9 48.03 55.65
4.24 6.74 10.27 11.52 12.44 12.45 13.83 13.9 14.3 15.12 16.49 17.21 17.26 17.3 17.69 18.76 20.54 21.62 22.18 22.91 23.36 23.87 24.63 25.54 25.91 27.39 27.82 28.26 30.45 36.85
2.19 2.92 3.28 3.35 3.49 8.27 8.27 9.06 9.63 10.16 11.63 12.45 13.1 13.73 14.8 15.12 16.16 16.19 16.66 16.85 18.52 18.67 21.68 22.48 29.28 35.16 35.28 39.18 41.11 48.69
6.32 6.82 7.39 8.4 11.98 12.65 12.74 13.37 14.61 15.22 15.25 15.34 15.94 16.24 16.49 17.21 21.47 22.36 22.37 22.42 22.69 23.34 23.57 24.33 25.1 26.63 29.21 31.03 31.48 34.3
6.62 7.24 7.42 8.03 8.58 9.17 10.05 10.26 10.69 12.73 13.52 13.56 14.49 15.74 16.11 18.36 18.88 21.86 24.15 24.25 24.59 26.77 27.4 29.01 29.65 32.02 47.13 50.92 53.45 54.92
3.23 3.34 4.99 5.03 6.76 9.72 10.32 11.25 11.82 12.08 14.11 14.18 14.32 15.46 15.61 16.71 18.19 18.36 18.96 20.3 26.28 31.31 31.74 40.16 43.75 43.81 49.49 52.25 52.28 69.32
4.3 7.31 8.28 8.73 9.25 12.49 12.97 15.08 15.12 16.36 16.63 16.86 16.86 17.45 18.88 19.04 19.58 19.65 21.18 21.91 24.48 24.58 27.09 27.17 29.36 30.64 31.57 32.46 44.27 48.33
5.13 6.57 7.36 9.78 10.13 11.06 11.14 11.6 13.14 13.25 14.49 15.05 15.74 17.96 19.53 19.81 20.3 21.02 21.94 21.97 22.99 23.75 25.97 27.28 33.63 34.58 34.73 37.65 38.62 55.92
0.1 0.19 0.21 1.06 3.06 3.14 3.89 3.92 6.96 6.96 7.67 8.6 11.69 15.34 15.65 15.82 17.32 17.43 18.92 22.06 23.68 24.24 25.38 25.7 27.43 29.86 32.03 32.36 38.13 38.42
2.09 2.93 4.65 5.44 5.88 7.32 7.82 7.89 8.7 8.83 9.69 10.04 11.0 11.41 11.7 12.33 14.45 14.91 15.17 15.63 15.92 18.99 21.78 24.37 28.18 29.01 29.04 35.67 36.48 37.48
5.17 5.19 7.5 7.54 8.02 8.73 11.02 11.14 11.58 12.57 13.12 13.46 14.89 17.71 18.16 18.4 19.36 20.73 21.8 24.0 25.73 27.08 27.12 28.04 33.22 33.26 35.13 35.33 35.33 38.62
1.59 4.49 4.96 6.0 6.13 7.36 7.73 8.51 8.67 9.54 10.6 10.88 11.25 11.32 12.62 15.25 15.7 16.51 19.77 20.51 24.68 26.25 29.48 38.61 39.78 39.89 43.64 45.66 66.34 79.16
1.21 4.97 5.15 5.85 5.86 7.08 7.6 7.68 8.41 9.02 9.75 9.82 11.69 12.39 12.42 13.1 13.32 14.63 19.74 21.05 22.61 22.84 27.89 27.97 29.51 36.79 37.84 45.92 45.93 47.67
1.6 2.54 2.83 3.54 3.99 6.5 8.18 8.86 9.42 11.13 11.97 11.99 13.02 13.19 13.63 13.96 14.25 17.66 19.08 23.34 24.09 24.62 30.62 34.85 35.71 41.94 57.53 59.24 66.51 80.71
0.31 3.24 3.78 5.42 6.77 7.86 10.23 10.64 12.02 12.44 12.5 13.73 14.36 15.7 16.62 19.81 20.64 21.05 21.74 22.04 25.09 25.52 25.93 26.86 32.41 33.11 37.9 42.39 45.39 62.34
0.72 1.77 1.77 1.89 4.15 4.5 5.87 6.36 8.11 8.15 10.97 11.54 11.6 13.22 14.64 15.11 16.19 16.27 16.56 17.04 19.75 20.34 21.66 22.24 22.32 25.89 34.5 45.13 52.36 66.65
1.85 3.59 4.83 5.33 6.05 11.04 11.54 11.7 12.41 12.85 13.08 15.36 15.38 17.67 21.4 23.26 23.89 24.4 31.18 31.39 31.54 33.11 33.35 34.62 41.97 52.74 59.64 69.06 69.98 72.76
0.88 4.49 5.53 5.61 6.97 7.16 9.91 10.67 10.72 11.03 12.68 14.28 15.59 16.03 16.07 18.18 18.42 19.01 19.04 19.06 22.97 23.61 24.28 25.65 26.6 26.71 27.5 33.47 52.73 63.77
0.24 2.87 3.5 5.17 6.77 7.33 8.12 11.82 12.68 12.78 13.44 14.16 17.88 21.92 22.53 22.77 23.22 23.3 24.4 25.09 25.84 26.33 36.6 37.15 37.43 41.1 46.8 57.14 67.1 89.16
2.49 4.06 5.87 6.4 6.93 7.45 8.18 8.32 8.5 8.75 9.29 10.05 12.75 13.22 13.76 16.28 17.32 19.69 20.64 21.05 21.39 25.44 26.28 26.93 27.98 28.55 32.23 35.18 46.13 58.05
7.54 8.54 9.21 9.44 10.73 11.72 11.92 12.25 13.11 13.28 13.33 14.66 16.19 17.28 19.99 21.9 21.95 22.41 23.92 24.25 24.83 26.0 26.83 27.05 28.1 30.78 32.41 32.95 33.43 33.8
2.71 4.72 5.04 5.57 7.99 9.12 9.18 9.94 10.77 13.1 13.45 13.83 13.94 14.16 14.28 15.63 16.08 17.48 20.07 20.43 23.89 23.92 24.16 25.91 31.95 32.85 33.26 41.12 41.73 45.96
0.83 2.0 2.87 2.98 4.81 5.17 7.67 9.38 9.72 11.85 12.11 13.82 14.42 15.3 17.69 17.71 20.01 23.08 25.12 26.21 26.41 28.01 32.28 33.66 34.94 37.99 38.26 40.83 43.88 62.48
8.27 8.29 9.49 13.82 14.39 14.76 16.1 16.27 18.77 18.8 20.23 20.52 21.25 21.28 21.84 21.95 22.57 24.35 24.54 24.59 24.75 24.84 29.4 30.49 37.71 37.88 39.7 40.26 40.29 49.78

Replacement Cost
397.0 315.0 259.0 386.0 333.0 205.0 210.0 394.0 391.0 349.0 225.0 281.0 323.0 284.0 354.0 285.0 337.0 230.0 315.0 364.0 216.0 269.0 275.0 343.0 260.0 374.0 295.0 207.0 259.0 229.0

Failure Cost
794.0 630.0 518.0 772.0 666.0 410.0 420.0 788.0 782.0 698.0 450.0 562.0 646.0 568.0 708.0 570.0 674.0 460.0 630.0 728.0 432.0 538.0 550.0 686.0 520.0 748.0 590.0 414.0 518.0 458.0

Maintenance Action
75.0 57.0 48.0 70.0 62.0 44.0 39.0 78.0 80.0 83.0 56.0 55.0 61.0 55.0 66.0 67.0 59.0 53.0 54.0 58.0 34.0 48.0 56.0 61.0 47.0 69.0 49.0 37.0 45.0 49.0
55.0 60.0 50.0 61.0 50.0 26.0 31.0 73.0 66.0 40.0 32.0 53.0 63.0 38.0 53.0 43.0 39.0 28.0 61.0 58.0 31.0 48.0 51.0 54.0 37.0 60.0 44.0 36.0 36.0 41.0
52.0 36.0 24.0 33.0 39.0 16.0 22.0 33.0 40.0 29.0 20.0 38.0 36.0 34.0 28.0 24.0 25.0 23.0 41.0 36.0 26.0 19.0 30.0 31.0 22.0 29.0 35.0 17.0 31.0 23.0

Maintenance Action Effect
0.78 0.75 0.86 0.79 0.88 0.84 0.81 0.76 0.87 0.83 0.89 0.78 0.8 0.85 0.86 0.82 0.77 0.88 0.76 0.8 0.79 0.83 0.77 0.89 0.88 0.8 0.84 0.85 0.8 0.82
0.64 0.68 0.67 0.65 0.59 0.61 0.67 0.64 0.7 0.55 0.56 0.68 0.68 0.58 0.66 0.61 0.55 0.59 0.7 0.68 0.66 0.62 0.64 0.63 0.69 0.67 0.7 0.65 0.6 0.61
0.49 0.49 0.38 0.43 0.48 0.38 0.48 0.36 0.36 0.38 0.37 0.5 0.45 0.46 0.36 0.37 0.35 0.41 0.44 0.43 0.47 0.36 0.4 0.38 0.43 0.37 0.46 0.36 0.46 0.46

Asset Max Health
100

Max Replacement Cost
397.0

Min Replacement Cost
205.0

Max Maintenance Action Cost
83.0 73.0 52.0

Min Maintenance Action Cost
34.0 26.0 16.0