Asset Number
30

Time Window
20

Maintenance Types
3

Risk Free Rate Minus
0.00774

Maintenance Types
0.08

Sample Size
30

Initial Condition
45.0 56.0 49.0 45.0 62.0 45.0 53.0 58.0 55.0 50.0 55.0 56.0 58.0 47.0 59.0 62.0 58.0 46.0 64.0 57.0 45.0 51.0 64.0 59.0 46.0 61.0 59.0 53.0 61.0 47.0

Degradation Matrix
2.54 3.37 3.44 3.46 3.6 3.63 3.86 4.09 4.18 4.31 4.45 4.49 4.6 4.61 4.65 4.74 4.79 4.85 4.9 4.98 5.46 5.58 5.78 6.01 6.09 6.13 6.59 7.28 7.48 8.1
2.56 3.29 3.43 4.3 4.47 4.61 4.72 4.72 4.78 4.82 4.92 4.97 5.0 5.15 5.25 5.26 5.29 5.3 5.41 5.51 5.51 5.6 5.62 5.65 5.95 5.96 6.1 6.34 6.46 7.34
4.01 4.06 4.08 4.28 4.3 4.38 4.49 4.58 4.58 4.63 4.64 4.69 4.85 4.94 4.96 5.07 5.08 5.17 5.25 5.25 5.28 5.38 5.43 5.49 5.51 5.53 5.59 5.59 5.69 5.75
3.47 3.56 3.77 3.79 3.91 4.55 4.6 4.69 4.69 4.71 4.72 4.8 4.83 4.84 4.89 4.92 4.93 5.15 5.21 5.21 5.24 5.31 5.32 5.44 5.46 5.47 5.73 6.08 6.21 7.43
4.16 4.23 4.27 4.33 4.43 4.6 4.63 4.71 4.72 4.78 4.84 5.05 5.06 5.06 5.09 5.14 5.17 5.19 5.2 5.25 5.28 5.29 5.38 5.73 5.78 5.87 5.89 5.99 6.26 6.88
3.69 3.79 3.84 3.88 3.97 4.0 4.08 4.08 4.08 4.2 4.38 4.44 4.54 4.68 4.74 4.76 4.98 5.1 5.2 5.2 5.24 5.55 5.56 5.58 5.68 5.88 6.05 6.4 6.55 6.67
3.06 3.66 3.9 4.04 4.33 4.41 4.58 4.79 4.82 4.82 4.84 4.92 4.96 5.05 5.08 5.09 5.33 5.51 5.54 5.63 5.67 5.73 5.79 5.87 6.58 6.96 7.52 7.57 7.74 7.98
3.3 3.54 3.73 3.76 3.88 4.01 4.17 4.22 4.43 4.48 4.62 4.63 4.67 4.68 4.78 5.03 5.16 5.26 5.29 5.32 5.33 5.36 5.37 5.42 5.5 5.57 5.65 5.7 5.83 6.39
3.94 4.14 4.41 4.51 4.69 4.73 4.79 4.8 4.85 4.86 4.87 4.93 5.1 5.13 5.13 5.14 5.16 5.21 5.25 5.32 5.43 5.5 5.5 5.54 5.6 5.61 5.7 5.74 5.91 6.24
3.11 3.79 3.81 3.91 4.04 4.21 4.32 4.34 4.54 4.61 4.64 4.65 4.84 5.07 5.29 5.33 5.35 5.4 5.44 5.65 5.68 5.68 5.96 6.22 6.25 6.54 6.6 7.05 7.17 7.89
3.93 4.12 4.25 4.3 4.31 4.36 4.39 4.46 4.52 4.64 4.72 4.81 4.98 5.05 5.2 5.21 5.32 5.43 5.43 5.48 5.49 5.62 5.66 5.89 6.07 6.08 6.09 6.28 6.4 6.77
3.27 3.7 3.72 3.81 4.27 4.36 4.37 4.37 4.4 4.45 4.46 4.88 5.08 5.1 5.14 5.18 5.18 5.19 5.29 5.42 5.46 5.46 5.54 5.55 5.61 5.66 5.72 5.75 5.77 6.04
3.56 3.66 3.83 3.89 4.09 4.18 4.29 4.55 4.71 4.74 4.97 4.99 5.02 5.18 5.26 5.29 5.3 5.31 5.31 5.5 5.55 5.67 5.77 5.9 5.96 6.58 6.59 6.82 7.13 7.26
3.61 3.83 3.99 4.04 4.1 4.41 4.51 4.56 4.62 4.68 4.75 4.78 4.85 4.85 4.85 4.91 4.93 5.13 5.16 5.17 5.2 5.34 5.57 5.6 5.63 5.66 5.98 6.24 6.36 6.7
3.92 4.04 4.23 4.28 4.29 4.46 4.51 4.67 4.68 4.77 4.77 4.81 4.88 4.91 4.94 4.96 5.05 5.08 5.15 5.16 5.32 5.4 5.51 5.6 5.87 5.87 5.89 6.06 6.11 6.56
3.68 3.82 4.13 4.15 4.22 4.28 4.36 4.52 4.54 4.69 4.69 4.72 4.8 4.9 4.95 4.97 4.98 5.0 5.01 5.04 5.04 5.06 5.11 5.15 5.25 5.5 5.54 6.09 6.14 6.19
3.22 3.56 3.62 3.67 4.08 4.1 4.2 4.25 4.34 4.36 4.58 4.64 4.73 4.99 5.18 5.31 5.35 5.43 5.57 5.6 5.66 5.72 5.75 5.94 5.98 6.06 6.51 6.78 7.45 8.02
2.99 3.34 3.47 3.78 4.1 4.24 4.33 4.63 4.66 4.72 4.94 4.97 5.04 5.15 5.4 5.41 5.45 5.47 5.47 5.48 5.71 5.85 5.88 5.93 6.08 6.12 6.17 6.29 6.71 7.1
2.58 3.36 3.55 3.57 3.58 3.7 3.79 3.84 3.89 4.0 4.23 4.35 4.64 4.84 4.86 5.15 5.15 5.15 5.2 5.24 5.5 5.59 5.63 6.08 6.09 6.2 6.41 6.97 6.98 7.4
3.34 4.15 4.34 4.38 4.39 4.47 4.51 4.58 4.63 4.68 4.79 4.81 4.83 4.83 4.96 5.09 5.14 5.15 5.26 5.34 5.35 5.43 5.44 5.5 5.52 5.53 5.53 5.68 5.82 7.25
3.63 3.73 4.16 4.17 4.24 4.29 4.31 4.42 4.46 4.58 4.64 4.65 4.72 4.87 4.95 5.01 5.35 5.41 5.44 5.53 5.62 5.78 5.78 5.82 5.88 5.97 6.12 6.25 6.54 6.66
3.54 3.75 3.87 4.16 4.18 4.2 4.43 4.57 4.59 4.68 4.79 4.87 5.05 5.06 5.06 5.21 5.35 5.4 5.66 5.73 5.84 6.07 6.11 6.14 6.22 6.34 6.77 6.93 7.04 7.19
3.12 3.5 3.63 3.63 3.73 3.78 3.92 4.18 4.36 4.43 4.51 4.58 4.59 4.78 4.8 4.86 5.07 5.21 5.29 5.52 5.56 5.56 5.81 5.98 6.0 6.59 6.6 6.85 7.46 7.92
2.66 3.13 3.7 3.85 4.03 4.08 4.25 4.33 4.38 4.63 4.81 4.86 4.87 4.92 5.1 5.32 5.37 5.44 5.58 5.65 5.68 5.84 5.92 5.99 6.11 6.13 6.59 6.65 6.81 7.88
2.98 3.25 3.69 3.85 4.02 4.17 4.18 4.2 4.23 4.29 4.39 4.4 4.46 4.58 4.82 4.89 4.97 5.0 5.03 5.13 5.14 5.18 5.18 5.19 5.32 5.39 5.49 6.97 7.45 7.68
3.18 3.77 3.82 4.33 4.37 4.41 4.65 4.66 4.81 4.86 4.93 4.95 4.98 5.06 5.11 5.19 5.31 5.46 5.5 5.58 5.62 5.67 5.81 5.9 5.94 6.38 6.43 6.64 6.91 8.49
3.42 3.95 4.02 4.15 4.19 4.29 4.37 4.44 4.51 4.53 4.58 4.62 4.63 4.76 4.81 4.89 4.97 4.98 5.11 5.18 5.2 5.28 5.34 5.38 5.42 5.48 5.86 6.05 6.2 6.46
3.6 3.78 3.79 3.97 4.04 4.11 4.2 4.28 4.54 4.55 4.63 4.72 4.87 4.91 4.93 4.97 4.99 5.05 5.2 5.22 5.43 5.46 5.56 5.58 5.67 5.78 5.86 6.11 6.21 6.4
2.74 2.88 2.95 3.58 3.85 3.97 4.4 4.51 4.65 4.83 4.87 4.88 4.88 5.1 5.13 5.21 5.25 5.27 5.3 5.58 5.62 5.91 5.91 5.92 6.14 6.16 6.3 6.34 6.69 7.04
3.48 3.55 3.97 4.08 4.45 4.58 4.85 4.95 4.96 5.02 5.03 5.05 5.11 5.27 5.34 5.49 5.52 5.55 5.59 5.79 5.84 5.84 5.94 6.1 6.16 6.16 6.23 6.25 6.62 6.77

Replacement Cost
343.0 382.0 350.0 288.0 354.0 322.0 301.0 219.0 243.0 284.0 339.0 356.0 287.0 201.0 253.0 273.0 219.0 396.0 257.0 308.0 330.0 262.0 399.0 366.0 372.0 220.0 391.0 365.0 208.0 283.0

Failure Cost
686.0 764.0 700.0 576.0 708.0 644.0 602.0 438.0 486.0 568.0 678.0 712.0 574.0 402.0 506.0 546.0 438.0 792.0 514.0 616.0 660.0 524.0 798.0 732.0 744.0 440.0 782.0 730.0 416.0 566.0

Maintenance Action
12.0 9.0 8.0 8.0 8.0 7.0 8.0 4.0 6.0 7.0 6.0 9.0 9.0 5.0 5.0 8.0 6.0 13.0 7.0 8.0 10.0 6.0 11.0 10.0 10.0 5.0 10.0 8.0 6.0 8.0
8.0 9.0 5.0 4.0 5.0 4.0 4.0 4.0 3.0 3.0 3.0 4.0 4.0 2.0 4.0 6.0 3.0 9.0 4.0 5.0 5.0 3.0 5.0 5.0 6.0 2.0 4.0 6.0 2.0 4.0
4.0 1.0 1.0 4.0 3.0 1.0 1.0 1.0 1.0 3.0 2.0 3.0 2.0 0.0 2.0 0.0 1.0 3.0 1.0 3.0 1.0 2.0 4.0 3.0 1.0 2.0 3.0 4.0 1.0 1.0

Maintenance Action Effect
0.48 0.43 0.48 0.45 0.38 0.37 0.49 0.36 0.46 0.47 0.38 0.38 0.47 0.44 0.37 0.48 0.45 0.46 0.4 0.47 0.5 0.38 0.5 0.45 0.45 0.36 0.45 0.38 0.4 0.5
0.32 0.34 0.24 0.26 0.3 0.2 0.3 0.27 0.26 0.21 0.21 0.24 0.24 0.26 0.31 0.34 0.29 0.33 0.3 0.34 0.23 0.21 0.23 0.21 0.31 0.22 0.25 0.27 0.23 0.31
0.19 0.06 0.09 0.2 0.17 0.11 0.12 0.11 0.16 0.19 0.13 0.17 0.14 0.08 0.17 0.05 0.11 0.12 0.1 0.19 0.08 0.13 0.19 0.14 0.06 0.18 0.14 0.16 0.14 0.1

Asset Max Health
100

Max Replacement Cost
399.0

Min Replacement Cost
201.0

Max Maintenance Action Cost
13.0 9.0 4.0

Min Maintenance Action Cost
4.0 2.0 0.0