Asset Number
30

Time Window
10

Maintenance Types
3

Risk Free Rate Minus
0.00774

Maintenance Types
0.08

Sample Size
30

Initial Condition
65.0 66.0 67.0 83.0 75.0 75.0 79.0 79.0 67.0 84.0 68.0 66.0 66.0 71.0 67.0 74.0 72.0 74.0 79.0 73.0 67.0 81.0 80.0 66.0 75.0 67.0 73.0 82.0 82.0 72.0

Degradation Matrix
3.06 5.42 5.7 6.68 7.24 7.73 7.97 8.16 8.43 8.54 8.55 8.59 8.79 9.17 9.4 9.58 10.1 10.25 10.75 10.82 11.02 11.17 11.34 11.65 11.99 12.25 12.33 12.92 14.08 14.58
2.12 4.78 5.37 5.42 5.43 6.84 8.08 8.13 8.28 8.63 8.81 9.0 9.02 9.47 9.73 9.83 10.02 10.47 10.93 10.96 11.06 11.18 11.33 11.85 12.04 13.02 13.43 13.71 14.09 15.92
6.89 6.98 7.2 7.5 7.82 8.03 8.71 8.75 8.92 8.99 9.11 9.14 9.18 9.41 10.13 10.57 11.44 11.71 11.73 12.05 12.42 12.86 12.94 13.06 13.99 14.29 14.41 15.81 15.99 17.83
6.49 6.61 6.77 6.86 7.22 7.26 7.4 7.46 7.64 8.39 8.49 8.49 8.63 9.14 9.23 9.56 9.63 9.64 9.85 9.97 10.25 10.92 11.14 11.71 12.3 12.43 13.3 15.19 19.32 21.98
5.95 6.64 6.91 7.65 7.66 7.77 7.79 7.82 8.27 8.65 8.81 9.09 9.15 10.0 10.15 10.19 10.24 10.72 10.9 11.59 11.66 11.68 12.19 12.24 12.51 12.75 13.18 13.78 15.04 16.93
3.33 5.15 5.78 5.87 5.91 7.01 7.08 7.32 7.52 7.61 7.85 8.88 8.94 9.07 9.2 9.34 9.52 9.58 9.71 9.76 9.82 10.17 10.34 10.72 11.69 12.69 13.44 14.12 14.5 19.36
6.76 7.4 8.02 8.21 8.8 9.09 9.36 9.45 9.62 9.64 10.28 10.32 10.55 10.72 10.73 11.22 11.3 11.35 11.42 11.43 11.46 11.64 11.91 12.02 12.32 12.87 13.43 13.72 15.27 16.08
4.96 5.13 6.49 7.53 7.55 7.58 7.75 7.85 7.94 7.97 8.46 8.93 9.84 9.88 9.93 10.55 10.68 10.87 11.04 11.37 11.74 11.96 12.42 12.59 12.95 13.13 13.39 13.73 14.5 14.93
5.41 7.12 7.32 7.34 7.42 7.77 7.83 7.9 8.14 8.15 8.18 8.3 8.41 8.44 8.59 8.62 8.79 9.75 9.91 9.99 10.24 10.45 10.56 11.26 11.52 11.68 11.76 12.58 12.94 13.2
2.39 4.98 5.49 6.06 6.11 6.86 7.17 7.39 7.44 8.12 8.79 9.31 9.36 9.72 10.19 10.34 10.37 10.71 11.2 11.83 11.99 12.32 12.39 12.85 13.03 13.11 13.77 14.17 14.8 18.7
7.52 8.22 8.26 8.37 8.64 8.7 8.85 8.9 8.91 9.06 9.27 9.36 9.7 9.72 9.85 9.9 10.41 10.5 10.69 11.29 12.02 12.05 12.18 12.3 12.32 12.42 13.26 13.65 14.08 14.81
7.09 7.27 7.51 7.61 7.96 7.99 8.03 8.28 8.35 8.69 8.7 8.92 9.28 9.32 9.34 9.44 9.58 9.74 10.19 10.28 10.51 10.67 10.8 11.13 11.66 12.22 12.33 12.97 13.11 14.72
8.16 8.17 8.24 8.62 8.9 9.03 9.06 9.23 9.36 9.45 9.5 9.57 9.59 9.64 9.64 9.81 9.83 10.01 10.05 10.27 10.54 10.55 10.65 10.66 10.86 11.25 11.26 11.32 11.72 11.96
3.65 4.96 6.0 6.82 7.43 7.44 7.46 7.51 7.71 7.89 8.03 9.08 10.4 10.47 10.57 10.87 10.89 11.02 11.45 11.69 12.54 12.56 12.89 12.89 13.35 14.15 14.2 15.46 17.81 18.67
4.31 6.22 6.36 6.37 6.79 7.17 7.18 7.37 7.57 7.81 7.81 8.03 8.38 8.54 8.58 9.22 9.3 9.33 9.56 11.17 11.89 12.3 12.42 12.44 12.65 12.95 13.11 13.87 14.87 15.15
7.29 7.32 8.66 8.76 8.88 8.94 9.03 9.13 9.29 9.32 9.42 9.76 9.92 10.3 10.39 10.75 10.8 10.8 10.84 10.99 11.16 11.27 11.73 12.06 12.59 12.62 12.74 12.96 13.23 15.64
8.37 8.58 8.65 8.75 8.92 9.19 9.52 9.87 9.87 9.93 10.17 10.38 10.48 10.62 10.63 10.68 11.0 11.21 11.28 11.31 11.34 11.43 11.66 11.78 12.25 12.28 12.47 12.98 15.79 16.15
5.67 7.55 7.77 7.81 8.04 8.58 8.59 8.67 8.68 8.97 9.07 9.13 9.21 9.6 9.69 9.79 9.92 10.36 10.37 10.46 10.74 10.99 11.11 11.13 11.16 11.56 11.7 12.11 12.12 13.16
5.36 5.84 5.89 5.91 7.05 7.41 7.61 7.68 7.79 8.08 8.37 8.86 9.03 9.51 9.54 9.92 10.37 10.42 10.45 10.69 11.18 11.44 11.54 11.77 11.99 12.15 14.95 15.01 15.12 21.46
7.59 8.04 8.15 8.16 8.24 8.58 8.61 8.7 8.74 8.82 8.86 9.03 9.15 9.4 9.48 9.68 9.89 10.01 10.05 10.3 10.36 10.46 10.53 10.79 10.92 11.31 11.33 12.81 12.89 13.25
4.67 4.92 5.72 5.91 6.04 6.7 6.75 8.36 8.98 8.98 9.84 10.38 10.48 10.49 10.52 10.79 11.09 11.1 11.24 11.41 11.52 11.78 11.8 11.9 11.96 12.23 12.88 13.05 15.06 15.11
6.38 6.55 6.89 7.88 8.45 8.69 8.7 8.83 8.9 8.96 9.06 9.17 9.28 9.5 9.51 9.56 9.7 9.92 10.04 10.18 10.35 10.64 10.85 10.92 10.93 10.95 11.01 11.05 11.29 11.67
6.6 7.59 8.32 8.48 8.49 8.59 8.75 8.84 8.87 8.95 9.05 9.43 9.83 9.85 10.08 10.18 10.2 10.24 10.3 10.37 10.47 10.67 10.88 11.31 11.46 11.54 11.97 13.35 13.65 15.26
4.55 4.58 4.58 6.03 6.35 6.38 6.91 7.25 7.97 8.0 8.09 8.11 8.47 9.45 9.52 9.81 9.89 10.06 10.21 10.25 10.26 10.33 10.61 10.73 10.81 11.13 11.15 11.79 16.26 16.6
7.62 7.63 8.1 8.64 8.7 8.93 9.03 9.21 9.23 9.26 9.49 9.55 9.61 9.66 9.8 9.92 10.19 10.2 10.31 10.45 10.49 10.49 10.6 10.62 10.62 10.71 11.35 11.47 12.42 14.25
7.17 7.34 7.69 7.75 8.1 8.28 8.34 8.74 8.76 8.83 9.0 9.59 9.67 9.88 10.1 10.65 10.69 10.83 11.36 11.38 11.39 11.7 11.79 12.15 12.19 12.25 12.37 13.74 14.07 14.77
5.68 6.84 6.94 7.24 7.57 7.99 8.05 8.72 8.91 8.96 9.19 9.22 9.23 9.25 9.48 9.62 9.72 10.04 10.05 10.08 10.38 10.43 10.8 10.88 11.12 12.1 12.29 12.34 12.96 13.36
5.41 6.78 7.29 8.05 8.15 8.7 9.05 9.2 9.51 9.61 9.68 9.99 10.03 10.07 10.18 10.18 10.2 10.22 10.26 10.41 10.81 11.33 11.48 11.5 11.76 12.34 12.5 12.55 12.6 12.61
4.91 5.05 5.17 5.48 5.54 6.39 7.25 7.53 7.65 7.86 8.01 8.34 8.5 8.54 9.11 9.32 9.33 9.58 9.8 10.15 10.28 10.37 10.53 11.45 11.55 11.61 12.02 13.08 15.75 16.22
6.62 7.01 7.23 7.8 8.12 8.19 8.19 8.74 8.91 9.0 9.05 9.48 9.5 9.5 10.07 10.2 10.3 10.58 10.8 10.96 10.97 11.14 11.2 11.74 12.23 12.73 12.85 13.12 13.32 14.36

Replacement Cost
240.0 264.0 394.0 202.0 389.0 218.0 251.0 223.0 253.0 293.0 248.0 392.0 357.0 270.0 298.0 349.0 236.0 399.0 373.0 319.0 366.0 233.0 290.0 219.0 336.0 371.0 339.0 284.0 358.0 386.0

Failure Cost
480.0 528.0 788.0 404.0 778.0 436.0 502.0 446.0 506.0 586.0 496.0 784.0 714.0 540.0 596.0 698.0 472.0 798.0 746.0 638.0 732.0 466.0 580.0 438.0 672.0 742.0 678.0 568.0 716.0 772.0

Maintenance Action
9.0 10.0 23.0 10.0 18.0 12.0 9.0 9.0 13.0 12.0 11.0 18.0 18.0 13.0 13.0 16.0 14.0 20.0 24.0 14.0 21.0 11.0 14.0 8.0 17.0 22.0 21.0 11.0 23.0 19.0
6.0 13.0 14.0 6.0 11.0 9.0 9.0 9.0 7.0 11.0 7.0 15.0 12.0 10.0 7.0 12.0 8.0 12.0 12.0 6.0 15.0 10.0 8.0 9.0 12.0 10.0 8.0 10.0 10.0 14.0
4.0 6.0 11.0 4.0 2.0 4.0 2.0 2.0 4.0 4.0 3.0 7.0 3.0 5.0 2.0 2.0 1.0 2.0 6.0 2.0 3.0 3.0 4.0 4.0 3.0 9.0 6.0 6.0 7.0 6.0

Maintenance Action Effect
0.39 0.35 0.47 0.43 0.46 0.48 0.35 0.39 0.48 0.41 0.42 0.45 0.44 0.36 0.4 0.4 0.47 0.43 0.44 0.4 0.43 0.38 0.49 0.36 0.37 0.44 0.43 0.35 0.48 0.42
0.27 0.34 0.27 0.28 0.29 0.35 0.3 0.33 0.3 0.34 0.25 0.27 0.3 0.32 0.25 0.25 0.35 0.31 0.26 0.2 0.32 0.31 0.3 0.35 0.35 0.27 0.23 0.35 0.21 0.28
0.16 0.17 0.2 0.17 0.07 0.14 0.09 0.08 0.15 0.11 0.11 0.18 0.07 0.19 0.07 0.06 0.06 0.06 0.16 0.06 0.09 0.11 0.13 0.17 0.08 0.19 0.18 0.16 0.18 0.17

Asset Max Health
100

Max Replacement Cost
399.0

Min Replacement Cost
202.0

Max Maintenance Action Cost
24.0 15.0 11.0

Min Maintenance Action Cost
8.0 6.0 1.0