Asset Number
30

Time Window
5

Maintenance Types
3

Risk Free Rate Minus
0.00774

Maintenance Types
0.08

Sample Size
30

Initial Condition
55.0 60.0 68.0 66.0 65.0 62.0 55.0 70.0 69.0 59.0 71.0 61.0 67.0 61.0 61.0 55.0 58.0 55.0 64.0 58.0 65.0 56.0 58.0 62.0 67.0 66.0 57.0 59.0 62.0 57.0

Degradation Matrix
8.79 13.42 13.98 14.28 14.37 14.53 15.6 15.8 17.38 19.04 19.18 20.13 20.84 21.35 22.76 23.22 23.85 23.96 24.08 25.41 26.48 27.61 28.89 29.28 29.42 29.86 29.99 32.92 35.92 39.51
13.08 13.38 14.39 15.04 15.88 15.93 16.51 17.06 17.47 17.92 18.27 18.88 19.55 19.67 19.71 19.91 20.14 21.57 22.79 23.31 23.45 24.5 25.22 27.63 29.95 32.9 33.74 33.92 34.23 35.88
6.4 7.33 7.66 9.26 9.95 10.01 10.24 11.94 12.83 13.1 13.4 13.6 14.04 14.71 16.6 18.52 19.61 20.49 20.82 22.22 22.48 22.52 23.0 24.16 24.22 25.06 25.24 31.05 31.54 37.67
11.61 12.43 14.03 14.21 14.36 16.2 16.27 17.03 17.76 18.18 18.62 19.02 19.25 20.01 20.61 23.15 24.18 24.31 24.71 24.88 25.12 26.09 26.27 26.59 27.98 30.8 31.17 32.06 35.07 35.23
6.78 12.56 12.91 13.18 13.42 14.29 14.47 14.85 15.31 16.73 16.85 18.33 18.36 21.09 21.32 22.26 22.55 22.57 22.94 23.67 25.51 26.17 26.35 26.87 28.92 29.36 30.59 33.71 35.48 38.66
10.09 10.24 11.86 12.03 12.62 12.82 13.29 13.36 14.68 15.78 16.14 16.61 16.68 17.77 18.41 18.82 19.46 19.81 20.29 20.66 21.09 24.64 25.43 25.61 25.81 25.87 27.31 28.2 28.46 38.06
10.18 11.76 13.11 13.14 13.39 13.6 13.65 14.03 15.32 15.9 16.44 18.1 18.66 19.38 19.86 20.27 21.02 21.58 22.39 22.62 23.47 25.97 26.11 26.44 26.66 28.99 29.21 31.04 32.64 34.09
7.44 7.95 9.75 10.48 10.62 11.53 11.62 13.53 14.18 14.65 15.07 16.53 17.65 17.93 18.12 18.25 19.6 21.41 24.2 24.56 26.25 28.49 29.62 29.87 31.62 33.2 34.54 36.04 37.42 38.07
11.16 11.25 12.15 12.34 14.45 15.81 15.92 16.64 16.66 17.13 17.4 18.2 18.64 19.9 20.24 20.54 20.76 21.15 21.29 21.89 22.12 22.23 24.21 24.48 24.71 24.83 25.99 27.78 28.19 32.5
11.01 11.45 11.83 13.63 14.95 16.35 16.56 16.67 16.8 16.94 17.68 18.21 18.67 19.08 19.1 19.32 19.9 19.92 21.1 21.48 23.22 23.46 24.7 24.99 25.78 27.49 28.14 31.32 32.89 34.9
11.53 12.74 15.27 15.62 15.77 16.63 16.8 17.44 17.53 18.04 18.56 18.64 18.72 20.41 21.12 21.15 21.5 21.57 21.93 22.8 23.18 24.06 24.11 24.15 24.51 24.56 25.05 26.89 27.1 28.91
8.54 11.07 11.39 12.14 13.0 13.91 14.12 15.02 15.1 15.88 16.63 16.84 16.9 17.59 18.42 19.07 19.16 21.73 22.23 22.78 23.1 23.16 23.17 23.38 24.02 26.2 27.32 30.71 31.36 34.45
10.48 11.23 14.38 15.33 15.77 16.37 16.38 16.55 17.04 17.24 17.42 18.26 18.45 18.76 19.49 20.06 20.12 21.36 21.86 22.1 22.44 22.8 23.04 23.8 23.98 24.18 25.22 26.68 28.52 31.92
3.0 9.26 10.29 11.12 11.35 12.56 13.67 13.78 15.11 18.2 18.57 18.9 19.12 19.51 21.03 21.09 22.13 22.57 23.79 24.95 25.33 25.42 25.95 26.03 29.12 30.2 31.25 32.96 42.17 45.69
9.17 11.68 11.71 11.96 12.19 14.09 14.53 15.09 15.11 16.13 16.18 16.34 16.44 17.63 18.66 19.05 19.94 20.45 22.24 22.29 22.89 23.76 24.49 25.64 26.49 26.8 27.07 27.21 29.46 32.6
4.73 6.06 8.35 9.78 11.1 11.47 12.73 12.77 12.81 13.6 14.43 14.64 14.82 15.38 15.89 16.87 16.9 20.47 21.65 22.41 23.34 23.39 23.56 24.7 27.59 28.64 30.23 31.51 34.14 36.31
9.99 10.45 10.94 12.55 12.91 13.66 13.7 14.89 15.0 15.84 16.22 16.47 16.74 16.97 17.52 18.8 19.32 20.25 21.1 22.04 22.54 22.58 22.76 23.17 23.62 24.94 26.64 27.03 27.62 31.39
10.93 11.46 12.09 14.92 15.53 15.78 17.61 17.83 18.68 18.98 18.98 19.4 19.82 20.02 20.38 21.1 21.41 21.56 22.04 22.16 22.52 22.73 22.76 24.05 26.98 27.85 28.32 30.74 31.21 32.1
6.43 10.47 11.19 11.78 11.8 12.39 12.51 12.93 13.07 15.5 15.59 15.84 16.3 17.32 17.63 17.83 18.16 18.45 19.27 20.26 21.94 22.42 23.38 24.46 26.29 29.03 29.98 30.69 32.99 41.35
7.44 8.44 10.76 10.9 10.93 12.67 14.46 14.47 15.79 16.09 17.34 17.38 17.58 18.03 18.9 19.58 19.76 20.1 20.27 20.35 20.37 22.26 23.17 24.86 26.27 27.7 28.56 28.58 30.46 31.3
8.83 9.9 11.09 12.32 13.01 14.1 14.3 14.61 14.69 14.77 15.37 16.12 18.61 18.91 19.44 19.9 21.52 22.02 22.04 22.41 22.98 24.54 24.69 25.15 25.66 26.06 26.16 26.55 40.44 51.83
7.83 10.35 10.41 11.37 15.22 15.64 16.57 17.57 17.89 17.93 18.6 18.98 19.61 19.63 19.65 20.27 20.36 21.7 22.59 22.77 23.05 23.09 23.4 24.4 24.62 25.19 25.27 27.97 32.75 37.18
9.92 10.7 11.2 12.38 12.53 13.22 13.92 15.5 16.11 16.65 17.44 17.72 19.32 20.53 21.15 22.49 22.94 23.59 24.27 24.82 26.14 27.66 27.96 28.64 28.71 29.3 29.57 29.61 30.57 38.1
12.38 13.63 13.99 14.13 14.21 15.08 15.47 17.44 17.84 19.0 19.24 19.25 19.33 19.43 19.63 20.21 20.25 20.73 21.78 21.87 23.19 23.2 23.24 23.32 23.38 23.56 24.51 27.0 28.43 29.48
9.57 10.22 12.53 12.73 13.0 13.4 14.85 16.81 17.03 17.69 17.76 17.9 18.38 19.82 20.08 22.1 23.29 23.4 23.73 23.83 24.62 25.62 28.64 29.32 29.61 30.74 31.23 32.11 38.44 40.51
12.06 14.13 14.61 14.95 15.05 16.09 16.37 17.06 17.13 17.28 18.26 19.1 19.38 20.19 20.34 21.12 21.25 21.97 22.16 22.19 22.26 23.03 23.74 23.83 26.38 27.17 27.26 27.35 28.87 30.06
7.97 9.86 11.1 11.28 11.99 12.48 12.56 13.86 14.09 14.47 15.36 16.16 16.27 16.3 16.34 17.13 17.91 17.93 18.86 20.17 20.32 21.4 21.98 22.03 22.14 24.11 26.51 27.19 27.5 33.19
11.1 12.24 12.77 13.95 14.62 16.06 16.96 17.41 17.42 17.53 17.62 17.63 17.87 18.36 18.4 18.43 18.74 19.66 20.02 20.31 21.02 21.82 22.7 23.37 25.16 26.69 26.8 27.14 31.86 35.05
9.18 10.82 10.85 11.48 12.72 12.74 13.63 14.29 14.3 14.43 15.06 16.85 17.18 17.6 18.69 19.11 19.11 19.69 19.98 20.97 22.37 23.68 24.31 24.81 27.53 28.02 29.8 31.26 36.0 37.61
10.31 11.09 13.03 14.12 14.27 14.43 16.22 17.98 18.26 18.65 18.68 20.81 21.03 21.57 21.94 22.39 23.63 23.75 23.95 24.25 25.98 26.45 27.3 29.18 29.28 29.94 30.21 30.23 30.82 30.92

Replacement Cost
381.0 255.0 399.0 311.0 385.0 376.0 346.0 278.0 352.0 375.0 385.0 349.0 297.0 266.0 357.0 333.0 376.0 235.0 394.0 243.0 201.0 252.0 293.0 266.0 300.0 267.0 244.0 397.0 205.0 387.0

Failure Cost
762.0 510.0 798.0 622.0 770.0 752.0 692.0 556.0 704.0 750.0 770.0 698.0 594.0 532.0 714.0 666.0 752.0 470.0 788.0 486.0 402.0 504.0 586.0 532.0 600.0 534.0 488.0 794.0 410.0 774.0

Maintenance Action
75.0 50.0 73.0 51.0 66.0 62.0 53.0 59.0 66.0 80.0 76.0 61.0 55.0 52.0 66.0 64.0 67.0 39.0 86.0 46.0 40.0 40.0 49.0 52.0 51.0 52.0 43.0 74.0 51.0 70.0
58.0 50.0 81.0 47.0 62.0 64.0 52.0 31.0 51.0 70.0 46.0 56.0 37.0 39.0 69.0 43.0 57.0 39.0 64.0 35.0 37.0 36.0 43.0 44.0 43.0 42.0 45.0 74.0 30.0 53.0
40.0 26.0 36.0 37.0 33.0 42.0 40.0 22.0 34.0 40.0 35.0 27.0 23.0 27.0 39.0 34.0 30.0 17.0 32.0 30.0 20.0 23.0 36.0 23.0 27.0 20.0 25.0 45.0 20.0 36.0

Maintenance Action Effect
0.78 0.88 0.82 0.82 0.83 0.77 0.76 0.84 0.9 0.82 0.84 0.83 0.87 0.83 0.76 0.76 0.88 0.78 0.81 0.85 0.89 0.76 0.81 0.84 0.85 0.88 0.8 0.87 0.9 0.79
0.58 0.67 0.7 0.6 0.65 0.66 0.62 0.57 0.61 0.69 0.6 0.63 0.58 0.66 0.67 0.63 0.61 0.65 0.69 0.55 0.68 0.56 0.64 0.69 0.7 0.63 0.69 0.65 0.63 0.58
0.42 0.41 0.45 0.49 0.38 0.49 0.4 0.36 0.45 0.38 0.41 0.37 0.37 0.43 0.49 0.37 0.37 0.35 0.4 0.48 0.49 0.42 0.47 0.4 0.46 0.37 0.41 0.44 0.4 0.37

Asset Max Health
100

Max Replacement Cost
399.0

Min Replacement Cost
201.0

Max Maintenance Action Cost
86.0 81.0 45.0

Min Maintenance Action Cost
39.0 30.0 17.0