Asset Number
30

Time Window
10

Maintenance Types
3

Risk Free Rate Minus
0.00774

Maintenance Types
0.08

Sample Size
30

Initial Condition
21.0 34.0 28.0 24.0 38.0 36.0 23.0 26.0 40.0 30.0 40.0 29.0 33.0 27.0 28.0 29.0 29.0 23.0 23.0 26.0 27.0 31.0 30.0 28.0 39.0 24.0 24.0 28.0 29.0 30.0

Degradation Matrix
7.18 7.18 7.42 7.45 8.23 8.48 8.6 8.79 8.85 8.92 9.04 9.33 9.58 9.81 9.81 9.94 10.15 10.22 10.28 10.29 10.46 11.2 11.79 12.0 12.17 12.31 12.38 12.46 12.77 13.94
5.84 6.54 7.19 7.21 7.34 7.5 7.88 7.92 7.99 8.53 8.58 8.88 9.13 9.4 9.52 9.72 9.81 9.81 9.95 10.13 10.2 10.62 10.68 11.24 11.64 11.76 13.16 14.17 16.39 16.88
5.93 7.13 7.16 7.56 7.7 7.83 7.85 8.12 8.19 8.33 8.41 9.34 9.45 9.58 9.96 10.19 10.35 10.39 10.68 10.88 11.23 11.51 11.65 12.17 12.35 13.11 13.16 14.29 15.23 15.42
3.6 5.8 6.12 6.27 6.42 6.67 7.85 8.25 8.34 8.52 8.55 8.66 8.7 8.76 8.88 8.92 9.65 9.95 10.09 10.22 10.24 10.25 10.45 10.49 11.22 11.32 13.36 14.02 16.28 17.89
5.4 5.96 6.22 6.64 7.65 7.8 7.84 7.89 8.38 8.84 8.92 9.03 9.25 9.27 9.51 9.64 9.65 9.75 9.83 10.11 11.45 11.48 11.53 11.63 11.78 13.13 13.6 13.92 14.13 20.04
6.9 7.99 8.02 8.15 8.45 8.52 8.8 9.0 9.14 9.26 9.43 9.54 9.61 9.65 9.87 9.96 9.97 10.56 11.07 11.07 11.18 11.23 11.83 11.95 12.22 12.64 12.64 12.68 13.3 14.02
6.98 7.38 7.45 7.66 7.71 7.81 8.3 8.42 8.53 8.6 8.62 8.84 9.08 9.25 9.34 9.39 9.43 9.49 9.73 9.9 10.13 10.27 10.57 10.73 10.78 10.98 11.4 12.13 12.52 14.89
5.55 6.43 6.79 7.8 7.8 7.86 8.01 8.09 8.11 8.19 8.2 8.53 8.59 8.66 8.7 8.75 8.82 8.84 8.89 9.06 9.39 9.4 10.25 10.68 11.37 11.46 11.78 12.04 12.2 13.65
7.0 7.52 7.7 7.9 8.03 8.94 9.06 9.31 9.34 9.38 9.43 9.5 9.55 9.88 10.01 10.09 10.12 10.15 10.29 10.33 10.39 10.51 11.08 11.22 11.27 11.52 12.3 12.48 12.54 13.23
5.5 5.63 6.53 7.1 7.1 7.68 7.98 8.79 9.02 9.23 9.24 9.45 9.69 10.29 10.36 10.41 10.51 10.65 10.9 10.95 11.66 11.9 12.22 12.42 12.57 12.66 12.97 13.26 14.33 14.47
5.69 6.25 6.95 7.13 7.44 7.78 7.9 8.58 8.74 8.81 8.81 8.96 9.53 9.98 9.99 10.04 10.19 10.35 10.74 11.11 11.11 11.31 11.57 11.69 12.59 12.64 13.65 13.91 14.25 15.25
5.83 6.47 7.28 7.36 7.84 7.97 7.99 8.04 8.07 8.12 8.29 8.73 9.13 9.23 9.23 9.44 9.65 9.9 10.18 10.3 10.53 10.54 10.6 10.83 11.51 11.72 11.87 12.3 13.51 13.68
6.43 6.74 7.22 7.56 7.61 7.92 7.99 8.37 8.84 8.87 9.06 9.46 9.64 9.7 9.71 10.45 10.49 10.61 10.63 10.82 11.07 11.18 11.37 11.45 11.68 12.17 12.19 13.25 13.31 13.43
4.63 4.97 5.08 5.75 6.17 6.21 6.43 6.6 6.83 7.61 8.45 8.58 8.65 8.91 9.04 9.13 10.17 10.17 10.61 11.0 11.05 11.13 11.31 11.31 11.41 13.04 13.29 13.53 16.24 18.77
4.62 6.91 8.11 8.12 8.54 8.74 8.79 8.91 8.99 9.18 10.2 10.68 10.77 10.81 10.86 11.04 11.06 11.29 11.72 11.99 12.12 12.49 12.74 12.79 13.12 13.35 14.02 14.19 15.77 19.32
6.97 7.59 7.78 8.26 8.53 8.77 9.03 9.04 9.14 9.57 9.82 9.86 10.12 10.16 10.4 10.4 10.61 10.7 11.01 11.02 11.98 12.0 12.09 12.37 12.53 12.7 12.85 13.0 13.14 13.48
6.51 6.59 6.7 7.18 7.47 7.52 7.93 8.03 8.12 8.4 8.46 8.81 9.45 9.53 9.64 9.66 10.0 10.08 10.1 10.13 10.21 10.3 10.57 11.24 11.54 11.57 11.72 12.46 12.86 13.29
6.16 6.44 7.38 7.91 8.0 8.09 8.15 8.35 8.41 8.43 8.47 8.63 9.06 9.18 9.23 9.26 9.53 9.82 9.94 10.01 10.04 10.26 10.44 11.83 12.15 12.33 12.52 13.04 13.12 14.08
6.42 6.51 6.76 6.85 7.65 7.96 8.09 8.4 8.42 8.55 8.68 8.79 8.88 9.36 9.83 9.89 10.18 10.3 10.32 10.41 10.58 10.69 10.71 10.71 11.25 11.84 12.35 13.94 14.03 15.17
5.14 5.49 5.68 5.8 6.13 6.99 7.24 7.7 7.7 7.93 7.93 8.23 8.51 8.57 9.16 9.34 9.62 9.64 9.9 10.27 10.39 10.6 10.76 11.17 11.63 11.66 12.56 13.8 16.26 16.79
6.35 6.4 6.75 7.61 8.07 8.19 8.44 8.77 8.8 8.88 9.15 9.18 9.25 9.26 9.51 9.97 10.41 10.55 10.98 11.23 11.86 12.35 12.8 13.85 14.27 14.31 14.5 14.52 14.54 16.74
7.44 7.74 7.86 7.98 8.67 8.76 9.07 9.28 9.46 9.49 9.54 9.83 9.84 10.2 10.3 10.63 10.76 11.21 11.41 11.54 11.57 11.75 11.99 12.9 13.0 13.08 13.08 13.21 13.33 16.67
6.58 6.63 6.77 6.93 7.02 7.96 8.0 8.14 8.71 8.88 9.17 9.17 9.17 9.43 9.49 9.92 10.14 10.21 10.32 10.36 10.53 11.19 11.25 11.28 11.36 11.39 11.91 13.69 15.2 15.42
6.98 7.81 7.93 7.94 8.14 8.28 8.56 8.57 8.6 8.78 8.84 8.99 9.02 9.15 9.24 9.34 9.36 9.41 9.77 9.92 10.41 10.43 10.47 10.55 10.62 10.72 11.2 11.67 12.38 14.03
5.56 6.34 6.66 6.77 7.29 7.97 7.98 8.31 8.53 8.62 8.86 8.89 9.52 9.74 10.17 10.22 10.78 10.8 10.96 11.26 11.53 11.64 11.83 11.99 12.72 13.11 14.45 15.3 15.95 17.51
3.78 4.29 4.86 6.32 6.52 6.56 6.61 6.67 7.14 7.14 8.28 8.45 8.63 8.79 8.89 9.05 9.59 10.11 10.37 10.96 11.34 11.49 11.85 12.08 12.38 12.39 14.06 14.15 14.66 18.17
7.16 7.26 7.3 8.19 8.48 8.58 8.64 8.65 8.79 8.81 9.1 9.12 9.32 9.6 9.66 9.7 9.91 10.05 10.09 10.13 10.13 10.17 10.73 10.81 11.98 12.38 12.53 13.84 13.96 15.16
6.24 7.63 7.73 8.21 8.37 8.39 8.46 8.47 8.48 8.5 8.62 8.67 8.71 9.08 9.37 9.4 9.52 9.54 9.56 9.69 10.1 10.25 10.3 10.47 10.61 10.89 10.97 11.16 11.7 12.43
4.46 4.5 6.84 7.04 7.45 7.6 7.69 7.71 7.78 8.16 8.23 8.38 9.33 9.89 10.68 10.87 10.87 11.11 11.19 11.26 11.36 11.46 12.14 12.16 12.16 12.48 14.09 14.24 14.58 14.63
4.25 7.14 7.22 7.32 7.67 7.95 8.04 8.39 8.45 8.75 9.07 9.08 9.25 9.71 9.81 10.07 10.2 10.28 10.49 10.56 10.58 10.88 11.69 11.83 11.95 12.07 12.23 12.65 12.8 13.57

Replacement Cost
326.0 210.0 228.0 261.0 201.0 374.0 357.0 271.0 386.0 398.0 371.0 301.0 244.0 272.0 315.0 319.0 240.0 303.0 263.0 327.0 266.0 285.0 302.0 345.0 241.0 316.0 355.0 270.0 303.0 324.0

Failure Cost
652.0 420.0 456.0 522.0 402.0 748.0 714.0 542.0 772.0 796.0 742.0 602.0 488.0 544.0 630.0 638.0 480.0 606.0 526.0 654.0 532.0 570.0 604.0 690.0 482.0 632.0 710.0 540.0 606.0 648.0

Maintenance Action
36.0 22.0 28.0 24.0 20.0 32.0 41.0 26.0 34.0 47.0 35.0 34.0 21.0 29.0 28.0 36.0 24.0 23.0 22.0 27.0 25.0 32.0 29.0 33.0 26.0 27.0 33.0 20.0 39.0 32.0
22.0 14.0 14.0 19.0 13.0 31.0 29.0 16.0 24.0 32.0 28.0 18.0 21.0 23.0 20.0 24.0 20.0 19.0 21.0 29.0 18.0 18.0 19.0 27.0 16.0 25.0 28.0 20.0 19.0 22.0
20.0 12.0 11.0 16.0 10.0 13.0 17.0 11.0 16.0 15.0 20.0 16.0 12.0 13.0 14.0 14.0 14.0 16.0 10.0 20.0 11.0 14.0 19.0 21.0 13.0 19.0 14.0 18.0 14.0 17.0

Maintenance Action Effect
0.89 0.76 0.85 0.76 0.79 0.8 0.85 0.89 0.81 0.87 0.85 0.84 0.81 0.86 0.77 0.88 0.88 0.76 0.84 0.77 0.85 0.89 0.82 0.77 0.83 0.77 0.83 0.76 0.87 0.87
0.64 0.61 0.64 0.61 0.63 0.69 0.57 0.57 0.63 0.59 0.66 0.61 0.7 0.68 0.56 0.56 0.59 0.55 0.62 0.69 0.65 0.63 0.57 0.65 0.6 0.6 0.58 0.59 0.57 0.68
0.45 0.49 0.44 0.44 0.45 0.35 0.42 0.38 0.42 0.37 0.49 0.48 0.48 0.41 0.42 0.42 0.46 0.41 0.35 0.47 0.37 0.46 0.5 0.44 0.43 0.46 0.38 0.49 0.39 0.4

Asset Max Health
100

Max Replacement Cost
398.0

Min Replacement Cost
201.0

Max Maintenance Action Cost
47.0 32.0 21.0

Min Maintenance Action Cost
20.0 13.0 10.0