Asset Number
30

Time Window
10

Maintenance Types
3

Risk Free Rate Minus
0.00774

Maintenance Types
0.08

Sample Size
30

Initial Condition
50.0 66.0 69.0 53.0 62.0 56.0 62.0 57.0 60.0 55.0 52.0 57.0 62.0 68.0 62.0 67.0 60.0 60.0 61.0 67.0 63.0 55.0 52.0 59.0 67.0 55.0 67.0 54.0 50.0 68.0

Degradation Matrix
4.49 5.17 5.17 5.39 5.53 5.86 6.05 6.07 6.63 8.07 8.44 9.16 9.19 9.45 9.92 10.07 10.87 11.71 11.93 11.95 12.26 12.46 12.54 12.96 13.67 14.99 15.35 17.66 17.66 20.54
0.93 3.17 4.3 5.41 5.61 5.77 6.01 6.11 6.18 6.36 6.86 7.04 7.28 7.43 7.88 7.91 7.94 8.14 8.83 11.5 11.94 12.12 13.05 14.0 14.74 14.76 15.06 22.04 23.2 29.02
2.17 2.96 3.06 4.4 5.33 7.13 7.64 7.71 7.75 8.06 8.69 8.76 8.79 9.1 9.12 9.23 9.24 9.24 10.25 10.62 10.97 12.21 13.97 14.52 15.41 16.01 16.28 18.47 18.68 31.43
2.44 3.3 4.14 4.32 5.68 6.39 6.48 6.71 6.72 6.76 6.96 7.25 7.82 8.14 8.78 8.79 9.37 10.89 11.23 13.02 13.14 13.56 13.75 14.99 16.6 17.5 17.54 17.96 18.78 18.94
1.46 1.95 2.52 3.23 3.61 4.96 5.28 5.65 5.7 6.91 7.16 7.32 7.49 7.94 8.07 8.1 8.11 8.55 9.2 9.45 9.96 10.09 10.3 11.45 13.65 15.25 18.43 19.4 21.11 24.21
5.81 5.93 6.25 6.26 6.57 7.14 7.3 7.32 7.96 8.1 8.21 8.24 8.49 8.84 8.93 10.55 10.74 11.02 11.35 11.64 12.56 13.78 13.85 14.0 14.55 15.39 15.41 15.53 15.55 17.97
4.17 5.29 5.37 5.45 6.09 6.3 6.45 6.86 6.94 7.75 8.13 8.36 8.5 8.58 8.79 9.18 9.33 9.36 9.89 10.48 11.22 11.55 11.91 12.58 12.72 14.41 14.44 14.57 15.33 24.43
3.89 4.91 5.25 5.33 5.83 6.14 6.69 6.7 7.84 8.24 8.59 8.87 9.85 10.01 10.23 10.45 10.52 10.98 11.01 11.22 11.37 11.48 11.6 11.92 13.67 14.26 14.82 18.82 19.17 19.31
4.29 4.94 5.92 6.16 6.43 8.29 8.67 8.9 8.98 9.78 9.98 10.49 10.89 11.26 11.27 11.97 12.99 14.67 15.43 15.91 16.73 17.33 17.97 18.74 19.71 20.6 20.76 23.95 29.7 32.75
2.54 3.38 3.46 4.73 5.59 5.83 5.83 6.34 6.37 7.69 7.84 11.05 11.22 12.09 12.25 12.37 12.4 12.4 12.53 13.41 13.57 13.92 14.32 15.04 16.18 17.63 17.94 18.0 19.34 21.71
3.18 3.56 4.36 5.07 5.37 7.02 7.2 7.31 7.98 8.58 8.68 8.8 9.07 9.14 9.79 10.65 12.01 12.09 12.25 12.41 12.48 12.71 12.71 13.66 13.88 15.29 15.44 16.7 18.66 19.77
1.91 2.87 4.72 6.1 6.76 7.37 8.42 8.59 8.89 9.07 9.31 9.45 10.07 10.18 10.23 11.0 11.03 12.09 12.29 12.43 12.61 12.97 13.27 13.6 13.6 15.11 15.87 16.7 17.4 17.65
2.15 2.64 3.18 5.07 5.1 5.19 5.26 5.32 6.14 6.22 6.36 6.62 6.7 8.93 9.74 9.92 10.6 10.74 10.97 11.37 11.46 11.71 13.44 13.55 14.75 14.98 15.18 16.82 18.53 23.33
0.79 1.61 2.0 4.42 4.45 5.12 5.12 5.37 5.98 6.08 6.61 6.67 7.1 7.92 7.96 8.28 8.52 9.64 9.96 10.12 10.76 11.04 11.78 12.95 14.76 16.52 19.37 19.75 21.26 29.38
2.69 4.39 4.92 5.81 5.82 5.93 6.68 6.79 6.82 7.02 7.57 7.66 7.69 7.77 7.83 7.88 8.1 8.47 8.49 10.23 10.28 10.69 11.44 12.0 12.27 14.12 17.42 20.59 22.78 25.21
2.61 5.87 6.3 6.34 7.21 7.42 7.43 7.54 7.97 8.62 8.75 9.03 9.84 10.1 10.16 10.84 10.87 11.78 12.01 12.08 12.54 13.44 13.65 14.95 15.79 16.06 16.09 18.39 20.74 21.76
4.68 6.4 6.66 6.77 7.26 7.29 7.82 7.9 8.23 8.75 9.16 9.77 9.84 10.11 10.54 10.74 11.07 11.17 11.39 11.76 12.24 12.33 12.46 13.06 13.07 13.9 14.08 15.26 16.09 25.0
4.92 5.45 5.91 5.99 6.35 6.43 6.59 6.81 6.97 7.32 7.4 7.5 7.64 8.49 8.56 8.84 8.92 9.32 9.34 10.11 10.28 10.73 11.08 11.22 13.34 14.21 15.04 16.74 16.92 17.36
3.32 4.34 4.49 6.07 6.28 6.66 7.05 7.26 7.43 7.51 8.19 8.21 8.31 8.51 8.77 9.3 10.34 10.8 11.18 11.46 11.7 11.97 12.65 12.71 14.67 15.48 18.17 18.99 20.98 26.46
2.52 2.66 2.7 2.78 4.14 5.01 5.02 5.1 5.78 6.29 6.32 6.38 7.92 8.11 8.85 9.35 10.15 11.98 12.0 12.2 12.5 13.0 14.32 14.83 16.28 19.48 24.03 26.31 29.92 33.23
2.9 3.63 4.07 4.41 4.68 5.59 6.03 6.4 6.56 7.96 8.16 8.38 8.71 8.84 8.85 8.99 9.04 9.1 9.61 10.36 10.5 10.7 11.99 13.29 14.18 14.54 15.0 15.58 16.09 20.35
2.95 3.5 4.85 5.15 5.34 5.9 6.65 6.79 6.96 7.45 7.73 8.75 9.19 9.38 9.63 9.89 10.03 10.16 10.69 11.1 11.55 11.77 11.96 12.33 12.57 13.2 14.61 15.89 17.21 21.82
3.63 4.57 4.87 5.06 5.74 5.8 5.88 7.15 7.23 7.27 7.53 7.63 8.12 8.7 8.77 9.3 9.91 9.95 10.05 10.4 10.45 11.98 12.47 13.47 13.82 14.12 15.06 15.34 18.3 24.41
3.08 4.37 4.82 4.92 5.18 5.75 5.8 5.84 6.27 6.4 6.69 7.12 7.74 8.0 9.38 10.04 10.55 11.54 11.7 11.95 12.17 15.47 15.57 16.43 16.69 16.98 17.69 20.44 20.78 22.3
2.78 2.91 5.41 5.74 6.16 6.21 6.37 6.68 6.69 6.79 6.8 6.8 7.3 7.84 7.85 8.63 8.91 8.91 10.71 11.21 12.57 12.69 13.08 13.35 13.43 14.1 14.47 17.81 18.23 23.14
3.11 5.04 5.82 6.2 6.33 6.41 6.49 6.53 6.59 8.23 8.27 8.28 8.34 8.43 8.49 8.82 8.84 9.44 9.81 9.83 12.15 12.26 12.44 13.07 13.4 16.2 16.54 16.99 17.16 22.64
3.43 3.95 4.36 6.01 6.34 6.99 7.29 7.42 7.57 7.61 7.67 7.79 8.08 8.47 8.72 9.14 9.32 9.6 10.78 11.18 11.23 12.2 13.13 13.89 14.87 16.99 19.44 19.87 21.58 28.01
5.04 5.9 6.32 6.93 7.23 7.45 7.85 7.91 8.25 8.29 8.31 8.4 8.44 8.82 8.92 9.04 9.27 9.9 10.39 10.62 11.59 11.86 12.03 13.36 13.53 14.96 16.17 17.42 18.37 18.54
2.55 3.45 3.77 5.0 6.04 6.13 6.44 6.53 7.52 8.51 8.62 8.95 9.11 9.6 9.73 9.74 10.04 10.22 10.36 10.84 11.6 11.63 11.68 14.05 14.78 15.62 17.11 18.54 23.49 25.29
2.6 4.95 4.95 4.99 5.39 5.79 5.88 6.61 6.77 7.05 7.24 7.46 8.17 8.33 8.43 8.62 8.66 8.71 9.04 9.26 10.02 10.07 10.77 11.39 12.21 12.95 13.77 13.98 15.97 19.24

Replacement Cost
330.0 383.0 378.0 284.0 235.0 394.0 359.0 386.0 304.0 238.0 270.0 301.0 249.0 330.0 302.0 362.0 352.0 362.0 399.0 387.0 314.0 228.0 287.0 361.0 294.0 287.0 224.0 324.0 363.0 227.0

Failure Cost
660.0 766.0 756.0 568.0 470.0 788.0 718.0 772.0 608.0 476.0 540.0 602.0 498.0 660.0 604.0 724.0 704.0 724.0 798.0 774.0 628.0 456.0 574.0 722.0 588.0 574.0 448.0 648.0 726.0 454.0

Maintenance Action
38.0 39.0 35.0 26.0 21.0 34.0 40.0 34.0 27.0 19.0 26.0 38.0 27.0 29.0 32.0 36.0 34.0 36.0 34.0 41.0 33.0 18.0 34.0 41.0 35.0 27.0 25.0 36.0 31.0 23.0
26.0 28.0 24.0 19.0 18.0 28.0 24.0 27.0 22.0 22.0 17.0 22.0 16.0 25.0 17.0 25.0 24.0 23.0 37.0 30.0 28.0 16.0 19.0 22.0 20.0 22.0 15.0 22.0 26.0 15.0
15.0 22.0 16.0 15.0 10.0 23.0 19.0 21.0 14.0 14.0 16.0 14.0 13.0 16.0 18.0 17.0 19.0 15.0 19.0 23.0 18.0 10.0 15.0 15.0 14.0 19.0 8.0 12.0 21.0 8.0

Maintenance Action Effect
0.88 0.84 0.78 0.77 0.81 0.81 0.9 0.79 0.87 0.78 0.8 0.88 0.84 0.86 0.86 0.77 0.81 0.85 0.85 0.86 0.89 0.81 0.89 0.9 0.86 0.79 0.86 0.89 0.78 0.8
0.57 0.67 0.61 0.62 0.57 0.68 0.55 0.68 0.62 0.64 0.62 0.61 0.67 0.67 0.58 0.69 0.69 0.63 0.7 0.68 0.67 0.68 0.67 0.62 0.61 0.59 0.67 0.61 0.64 0.55
0.41 0.39 0.41 0.38 0.39 0.48 0.41 0.41 0.39 0.43 0.46 0.48 0.5 0.37 0.47 0.41 0.39 0.43 0.47 0.42 0.47 0.45 0.45 0.41 0.4 0.49 0.37 0.36 0.39 0.38

Asset Max Health
100

Max Replacement Cost
399.0

Min Replacement Cost
224.0

Max Maintenance Action Cost
41.0 37.0 23.0

Min Maintenance Action Cost
18.0 15.0 8.0