Asset Number
30

Time Window
10

Maintenance Types
3

Risk Free Rate Minus
0.00774

Maintenance Types
0.08

Sample Size
30

Initial Condition
72.0 88.0 85.0 81.0 77.0 77.0 80.0 85.0 78.0 73.0 78.0 85.0 84.0 72.0 76.0 90.0 91.0 79.0 91.0 72.0 77.0 77.0 72.0 82.0 82.0 90.0 78.0 84.0 78.0 77.0

Degradation Matrix
1.97 2.02 3.65 3.77 4.94 5.25 5.39 5.5 5.59 5.74 6.01 6.14 6.39 6.41 6.51 6.77 7.0 7.37 7.96 8.34 9.13 10.36 10.41 11.63 12.19 12.23 13.6 13.67 16.92 20.3
4.47 5.05 5.21 7.51 7.54 7.59 7.7 7.76 7.86 8.47 8.67 9.01 9.5 9.54 9.62 9.65 9.7 9.86 10.15 10.78 10.85 11.2 11.98 13.0 14.38 14.57 14.96 15.73 19.46 19.59
2.86 3.04 3.18 3.71 3.91 3.91 4.67 4.96 5.56 5.98 6.01 6.43 6.97 7.12 7.22 7.24 7.26 7.8 8.71 9.48 9.84 12.02 12.48 12.83 13.28 13.53 18.65 21.48 23.78 25.73
4.73 5.53 5.95 6.05 6.62 6.91 7.34 7.58 7.87 7.89 7.97 8.04 8.13 8.51 8.75 8.8 9.13 9.71 9.81 9.87 10.1 10.47 10.82 11.54 13.86 13.94 14.52 15.05 16.08 16.82
2.1 4.62 5.84 6.03 6.05 7.31 7.34 7.45 7.72 8.08 8.18 8.32 9.08 9.29 9.71 9.73 9.97 10.26 10.38 10.93 11.49 12.07 13.33 13.68 13.77 14.17 15.1 17.94 19.41 20.1
3.81 4.37 4.44 5.07 5.9 6.28 6.34 6.55 6.64 6.83 7.15 7.57 8.33 8.35 8.61 8.68 8.82 9.21 9.5 10.02 10.53 12.6 13.02 13.4 13.84 14.96 15.01 15.77 16.04 17.38
3.81 4.91 5.33 5.99 6.25 6.85 7.26 7.42 7.54 7.74 8.03 8.12 8.25 8.53 9.77 9.99 10.09 10.19 10.85 11.46 11.84 12.34 12.89 13.64 13.7 13.81 14.18 15.0 15.87 17.27
4.49 6.42 6.62 6.97 7.1 7.28 7.29 7.44 7.93 8.01 8.35 8.43 8.78 8.84 9.1 9.1 9.69 10.11 10.81 11.08 11.52 12.01 12.13 12.92 13.51 13.83 14.5 15.37 15.53 18.85
2.72 3.27 3.35 4.64 4.82 4.83 5.58 5.83 6.59 7.05 7.46 7.58 7.61 7.65 9.78 9.83 9.88 10.76 10.96 11.92 12.15 13.01 13.06 13.93 14.24 15.31 16.76 18.56 19.85 20.31
3.94 4.34 4.45 4.81 5.4 5.88 7.09 7.27 8.91 9.29 9.42 9.46 9.48 9.56 9.69 9.84 10.32 11.2 11.24 11.54 11.69 12.09 12.25 12.55 12.58 12.61 12.81 13.06 15.58 22.38
2.16 2.94 3.66 3.85 4.28 4.74 6.16 6.45 6.45 6.62 6.9 7.99 9.43 9.68 9.8 10.03 10.17 10.31 12.11 12.42 13.8 13.84 15.76 17.69 19.32 19.69 22.61 23.81 25.3 26.62
1.43 2.43 3.06 3.23 3.37 3.56 3.8 4.05 4.42 4.66 4.86 5.26 5.37 6.05 6.4 7.02 7.03 7.06 8.47 9.52 9.61 9.94 10.28 13.96 14.15 17.16 19.54 19.59 20.15 22.2
1.07 2.6 2.64 2.94 3.98 4.74 5.38 5.64 6.45 6.91 7.37 7.42 7.49 7.82 8.45 8.57 8.57 8.85 9.21 9.67 9.95 9.99 10.96 12.24 14.7 15.88 16.14 17.79 18.3 18.57
2.57 4.56 4.59 5.24 5.49 6.47 6.62 6.68 7.46 8.14 9.24 9.7 9.9 9.91 11.06 11.25 11.9 11.92 12.03 12.22 12.39 13.19 13.26 14.11 14.45 14.68 15.07 16.91 17.52 18.18
2.14 2.16 2.91 3.17 3.9 4.33 4.85 5.03 5.11 6.31 6.55 7.02 7.4 7.78 8.73 9.25 9.32 9.32 9.39 9.78 9.93 10.22 10.8 11.28 13.21 14.05 15.47 15.55 16.02 22.28
3.84 5.04 5.08 5.28 5.89 6.01 6.58 7.09 7.25 7.55 7.57 7.73 7.86 8.06 8.25 8.35 8.5 9.06 10.09 10.62 10.74 11.19 12.07 12.07 12.36 12.49 13.45 14.96 15.86 20.4
0.44 3.51 4.25 5.09 5.37 6.85 6.96 7.15 7.59 8.18 8.25 9.01 9.3 10.33 11.07 11.17 11.46 12.25 12.74 13.28 13.45 14.05 15.03 15.97 16.42 18.23 20.1 21.1 23.06 27.07
2.67 3.46 3.94 4.63 4.69 4.7 5.38 5.51 6.71 6.8 7.2 7.26 8.23 8.68 9.46 9.74 10.62 11.06 12.26 12.55 12.76 12.78 14.83 15.36 15.87 16.17 16.77 17.87 18.0 18.26
2.61 3.22 3.99 6.08 6.26 7.03 7.6 7.76 7.83 7.87 7.89 8.86 8.9 9.8 9.84 9.92 10.53 10.84 11.7 12.69 12.8 13.6 13.96 15.16 16.13 16.61 17.88 19.86 19.88 21.39
2.39 2.63 2.81 3.37 4.22 4.65 4.67 4.98 5.38 5.76 5.78 7.67 8.48 8.5 9.32 10.24 10.31 10.33 10.36 11.04 11.44 11.59 11.91 13.33 14.2 14.25 14.55 15.27 16.32 19.03
4.3 4.51 5.05 5.28 5.6 6.03 6.77 7.02 7.81 7.91 8.52 8.73 8.95 9.57 10.86 10.88 10.94 11.31 11.44 11.47 11.57 14.0 14.88 15.72 16.47 17.18 20.32 21.62 24.39 36.48
2.67 4.09 5.2 5.35 5.45 5.56 5.82 5.87 6.57 6.8 7.08 7.08 7.89 8.16 8.34 9.13 9.77 10.39 10.85 11.86 12.98 13.53 13.85 13.9 15.53 16.09 17.7 19.08 19.31 20.83
2.16 2.87 2.95 2.98 4.26 5.82 6.25 6.54 6.54 6.56 6.98 7.61 7.67 8.02 8.25 8.79 9.36 9.95 10.31 10.73 11.07 11.66 11.95 12.51 12.6 12.71 12.74 14.49 17.37 29.46
1.29 2.84 3.73 3.84 4.19 5.34 5.46 5.71 6.15 6.53 6.67 7.21 7.99 8.24 8.64 8.97 9.06 9.25 11.13 11.41 11.63 11.77 12.2 12.32 13.19 14.33 15.69 16.06 20.32 24.45
0.72 1.21 2.63 2.98 3.13 5.49 5.68 6.54 7.2 7.71 9.03 10.31 10.62 11.03 11.2 11.27 11.45 11.55 11.96 12.58 12.81 12.83 12.97 13.25 13.93 13.95 14.56 18.36 21.21 32.05
4.61 4.74 5.04 5.16 5.31 5.57 5.8 6.15 6.3 6.73 7.07 7.61 8.57 8.91 9.43 9.84 10.03 10.39 10.74 10.8 11.42 12.1 13.28 13.75 13.86 14.65 15.11 16.46 17.73 23.4
1.94 3.06 3.47 4.83 5.02 5.38 5.57 6.51 6.68 7.3 7.31 8.6 9.14 10.86 10.87 11.09 11.37 13.03 13.15 13.21 13.98 14.4 14.69 16.75 16.94 17.11 20.9 21.74 22.2 25.51
0.35 2.62 3.57 3.78 4.0 4.26 4.83 6.36 6.75 7.07 7.93 8.36 8.78 9.16 9.42 9.48 9.55 10.47 11.33 11.81 12.08 12.55 13.89 13.9 14.01 14.17 14.31 14.59 16.57 20.13
4.99 5.01 5.13 5.76 5.78 5.9 6.08 6.7 6.87 7.26 7.38 7.57 7.69 7.79 8.14 8.32 8.43 8.59 8.78 9.23 9.44 10.26 10.32 11.42 11.81 11.95 12.87 14.02 15.03 16.75
2.85 3.45 3.67 3.94 4.57 4.7 5.27 5.44 5.89 5.92 5.93 5.94 6.05 6.99 7.28 8.0 8.42 8.5 8.61 10.28 11.13 11.14 11.53 13.26 13.62 15.32 15.43 17.08 19.17 20.8

Replacement Cost
388.0 341.0 339.0 264.0 233.0 285.0 210.0 351.0 281.0 361.0 238.0 371.0 397.0 230.0 311.0 323.0 286.0 294.0 206.0 206.0 253.0 346.0 349.0 338.0 366.0 278.0 303.0 236.0 296.0 303.0

Failure Cost
776.0 682.0 678.0 528.0 466.0 570.0 420.0 702.0 562.0 722.0 476.0 742.0 794.0 460.0 622.0 646.0 572.0 588.0 412.0 412.0 506.0 692.0 698.0 676.0 732.0 556.0 606.0 472.0 592.0 606.0

Maintenance Action
41.0 37.0 33.0 29.0 19.0 27.0 24.0 34.0 27.0 42.0 19.0 40.0 35.0 18.0 31.0 33.0 25.0 36.0 18.0 22.0 22.0 27.0 40.0 36.0 30.0 29.0 25.0 24.0 34.0 27.0
27.0 26.0 28.0 24.0 18.0 21.0 12.0 22.0 18.0 24.0 14.0 25.0 37.0 14.0 20.0 25.0 21.0 22.0 14.0 14.0 15.0 30.0 27.0 29.0 27.0 20.0 22.0 19.0 24.0 25.0
15.0 17.0 18.0 15.0 15.0 14.0 9.0 18.0 11.0 18.0 12.0 14.0 24.0 12.0 12.0 15.0 12.0 15.0 11.0 13.0 9.0 16.0 14.0 18.0 17.0 17.0 14.0 12.0 15.0 12.0

Maintenance Action Effect
0.78 0.8 0.77 0.8 0.8 0.85 0.88 0.89 0.87 0.9 0.78 0.8 0.88 0.76 0.76 0.77 0.8 0.88 0.86 0.82 0.79 0.79 0.82 0.85 0.75 0.82 0.79 0.78 0.85 0.78
0.66 0.62 0.57 0.64 0.65 0.61 0.58 0.65 0.63 0.64 0.56 0.69 0.69 0.58 0.57 0.56 0.67 0.65 0.62 0.68 0.58 0.68 0.66 0.62 0.61 0.64 0.68 0.67 0.58 0.64
0.4 0.5 0.44 0.45 0.47 0.4 0.38 0.4 0.37 0.49 0.38 0.36 0.48 0.42 0.37 0.36 0.43 0.42 0.45 0.46 0.37 0.4 0.41 0.5 0.37 0.41 0.43 0.47 0.42 0.36

Asset Max Health
100

Max Replacement Cost
397.0

Min Replacement Cost
206.0

Max Maintenance Action Cost
42.0 37.0 24.0

Min Maintenance Action Cost
18.0 12.0 9.0