Asset Number
30

Time Window
10

Maintenance Types
3

Risk Free Rate Minus
0.00774

Maintenance Types
0.08

Sample Size
30

Initial Condition
39.0 50.0 57.0 52.0 52.0 55.0 57.0 44.0 58.0 43.0 47.0 56.0 39.0 49.0 58.0 48.0 39.0 55.0 47.0 45.0 58.0 47.0 56.0 53.0 54.0 51.0 48.0 45.0 57.0 52.0

Degradation Matrix
5.58 6.32 6.99 7.36 7.42 7.45 7.97 8.04 8.2 8.29 8.34 8.63 8.63 8.69 8.7 8.72 9.69 9.77 10.07 10.4 10.53 10.8 10.88 11.32 11.37 11.61 11.63 12.3 12.7 13.01
7.3 7.34 8.14 8.24 8.33 8.49 8.81 8.99 9.0 9.35 9.41 9.5 9.5 9.51 10.09 10.2 10.33 10.61 10.62 10.63 10.64 10.66 10.73 11.39 11.78 11.78 12.24 12.39 12.41 12.62
6.83 7.86 7.89 7.9 8.12 8.33 8.47 8.62 8.88 9.03 9.08 9.39 9.59 9.84 9.99 10.08 10.16 10.19 10.2 10.22 10.8 11.0 11.41 11.72 12.31 12.4 12.91 13.17 13.74 13.96
7.14 7.26 7.61 7.99 8.09 8.42 8.7 8.94 9.02 9.29 9.58 9.67 9.71 10.01 10.2 10.29 10.38 10.42 10.45 10.45 10.72 10.99 11.02 11.2 11.37 11.4 11.8 12.26 12.34 14.12
7.26 7.97 8.02 8.49 8.6 8.75 8.9 8.93 9.01 9.07 9.09 9.14 9.41 9.56 9.62 9.62 9.86 9.87 10.04 10.33 10.41 10.84 10.91 11.54 11.58 11.82 13.06 13.46 13.92 14.42
7.31 7.72 7.81 7.89 7.99 8.27 8.35 8.66 8.69 8.75 9.27 9.41 9.72 9.73 9.88 10.38 10.48 10.65 10.82 11.47 11.49 11.66 12.29 12.4 12.99 13.43 13.47 14.14 15.1 16.84
4.75 5.8 6.42 6.71 6.82 7.12 7.25 7.51 8.14 8.5 8.7 8.75 8.84 9.19 9.55 9.71 10.08 10.1 10.25 10.3 10.41 10.85 11.26 11.78 12.67 12.78 13.11 14.82 17.45 17.47
6.2 6.75 7.17 7.63 7.88 7.91 8.12 8.26 8.32 8.38 8.42 8.57 8.66 8.96 9.15 9.29 9.56 10.43 10.72 10.74 10.89 10.9 10.9 11.19 11.55 11.67 11.68 12.18 12.25 12.93
7.6 7.81 7.98 8.18 8.26 8.51 8.6 8.81 9.07 9.26 9.28 9.38 9.48 9.53 9.66 10.19 10.21 10.24 10.32 10.45 10.68 10.74 10.9 11.08 11.29 11.3 11.95 12.22 12.63 13.18
7.31 7.34 7.39 7.67 7.74 7.76 8.23 8.3 8.38 8.43 8.57 8.58 9.09 9.31 9.53 9.93 9.96 10.0 10.09 10.3 10.53 10.94 11.08 11.26 11.31 11.53 11.7 11.75 12.63 13.84
5.66 5.92 6.85 7.03 7.58 8.16 8.35 9.0 9.17 9.31 9.36 9.41 9.86 10.07 10.32 10.52 10.6 10.82 10.91 11.11 11.27 11.78 11.91 11.97 12.54 13.15 13.49 13.92 15.53 16.45
6.1 6.99 7.24 7.42 7.45 7.58 7.61 7.83 8.43 8.5 8.67 8.88 9.06 9.19 9.36 9.42 9.72 10.0 10.27 10.6 10.77 10.83 11.46 11.55 11.97 12.01 12.06 14.02 15.37 16.52
5.99 6.59 6.66 6.94 7.03 7.45 7.64 7.78 7.93 8.35 8.58 8.72 9.19 9.48 9.75 10.18 10.4 10.53 10.58 10.77 11.22 11.32 11.51 12.71 12.74 12.77 12.95 13.08 14.47 14.6
5.68 6.49 6.99 7.36 7.63 7.95 7.99 8.45 8.53 8.86 9.16 9.21 9.22 9.54 9.76 9.88 9.95 10.09 10.72 10.72 10.83 11.07 11.11 11.14 11.17 11.24 13.15 14.03 14.22 15.79
5.48 5.98 6.57 6.57 6.69 6.72 6.79 6.99 7.32 7.35 7.81 8.26 8.33 8.35 9.09 9.46 9.64 9.97 10.08 10.75 11.07 11.09 11.22 11.39 12.05 13.24 14.73 14.99 16.38 18.34
6.83 6.84 7.09 7.88 7.91 8.29 8.49 8.56 8.68 8.75 8.82 9.27 9.3 9.64 10.2 10.31 10.32 10.32 10.71 11.1 11.24 11.26 11.36 11.74 12.09 12.12 12.61 12.61 12.9 13.01
4.11 5.62 5.74 6.18 6.42 7.25 7.47 7.54 8.36 8.47 8.7 8.76 9.01 9.07 9.08 9.26 9.81 9.83 10.25 10.72 10.74 10.84 12.67 13.05 13.55 13.63 13.78 14.4 15.2 17.69
6.73 6.76 7.7 7.77 7.83 9.24 9.27 9.3 9.34 9.37 9.98 10.31 10.38 10.44 10.49 10.65 11.06 11.23 11.31 11.47 11.5 12.07 12.09 12.29 12.9 12.94 13.16 13.29 13.71 14.93
4.57 5.39 6.97 7.23 7.34 7.39 7.97 8.04 8.17 8.35 8.86 9.18 9.53 9.61 9.7 9.86 10.18 10.58 10.72 10.78 11.02 11.67 11.97 12.0 12.19 12.52 12.68 12.68 13.03 14.19
5.52 6.06 6.6 6.78 6.95 7.1 7.72 8.05 8.65 8.83 9.15 9.33 9.58 10.29 10.31 10.46 11.08 11.17 11.49 11.74 11.77 11.8 11.85 11.95 12.13 12.48 12.98 13.27 13.51 14.4
8.24 8.31 8.38 8.39 8.78 9.34 9.72 9.75 9.8 9.88 9.89 9.97 10.04 10.11 10.18 10.51 10.59 10.75 10.81 10.84 10.93 10.95 11.16 11.48 11.91 11.96 12.47 12.52 13.56 14.8
5.26 5.43 6.08 7.31 7.76 7.95 7.95 8.14 8.46 8.48 8.88 8.92 9.3 9.32 9.85 9.97 10.0 10.07 10.48 10.5 10.53 11.07 11.11 11.36 12.87 13.18 13.54 14.02 15.12 17.57
6.08 6.27 6.55 6.55 7.21 7.71 7.75 7.86 8.01 8.5 8.54 8.75 8.91 8.92 9.07 9.31 9.4 9.41 9.66 10.54 11.48 11.68 11.7 12.21 12.24 12.34 12.86 13.06 13.5 13.67
7.48 7.78 8.03 8.05 8.56 8.66 9.01 9.07 9.16 9.2 9.29 9.31 9.55 9.63 10.02 10.28 10.28 10.33 10.63 10.88 10.97 11.11 11.16 11.22 11.39 11.44 11.83 12.1 13.19 14.4
7.32 7.94 8.32 8.56 8.78 8.91 8.96 9.32 9.66 9.67 9.73 9.76 9.94 9.95 9.98 9.98 10.09 10.13 10.31 10.45 10.52 10.55 10.61 10.67 10.84 10.9 11.38 11.74 12.16 13.65
3.19 4.59 5.2 5.64 6.49 6.72 7.32 7.43 7.46 7.6 8.47 8.65 8.71 8.88 8.99 9.08 9.5 9.76 9.95 10.05 10.74 11.31 11.54 12.05 12.07 12.51 12.55 13.3 13.34 14.42
7.2 7.96 8.2 8.2 8.32 8.5 8.76 8.89 8.94 9.08 9.32 9.39 9.71 9.73 9.94 10.06 10.13 10.38 10.39 10.58 10.6 10.99 11.25 11.84 12.17 12.28 12.45 13.01 13.29 13.7
5.56 6.22 6.57 6.82 8.62 9.14 9.17 9.21 9.28 9.41 9.63 10.04 10.18 10.35 10.67 10.78 10.86 10.89 10.95 10.96 11.55 11.63 12.05 12.12 12.28 13.65 14.71 16.49 16.58 18.42
6.98 7.22 7.44 7.69 7.86 8.12 8.21 8.49 8.53 8.7 8.75 9.28 9.28 9.33 9.6 10.19 10.32 10.51 10.72 10.75 11.82 11.87 12.99 13.43 13.7 14.0 14.8 14.98 16.13 17.69
7.17 7.63 7.87 8.89 9.06 9.09 9.13 9.28 9.34 9.75 10.25 10.44 10.58 10.61 10.82 10.85 10.98 11.08 11.18 11.21 11.9 12.24 12.64 13.05 13.34 15.17 15.66 16.91 20.3 23.95

Replacement Cost
260.0 368.0 351.0 346.0 370.0 265.0 385.0 233.0 327.0 309.0 393.0 340.0 233.0 231.0 390.0 361.0 209.0 301.0 225.0 293.0 249.0 338.0 378.0 335.0 243.0 327.0 211.0 309.0 276.0 383.0

Failure Cost
520.0 736.0 702.0 692.0 740.0 530.0 770.0 466.0 654.0 618.0 786.0 680.0 466.0 462.0 780.0 722.0 418.0 602.0 450.0 586.0 498.0 676.0 756.0 670.0 486.0 654.0 422.0 618.0 552.0 766.0

Maintenance Action
13.0 22.0 19.0 13.0 24.0 14.0 20.0 10.0 15.0 14.0 18.0 14.0 12.0 10.0 25.0 13.0 11.0 12.0 15.0 14.0 14.0 12.0 16.0 15.0 13.0 15.0 10.0 14.0 15.0 15.0
6.0 11.0 10.0 14.0 14.0 6.0 11.0 6.0 9.0 8.0 12.0 10.0 5.0 6.0 15.0 11.0 6.0 8.0 8.0 8.0 9.0 10.0 11.0 11.0 6.0 12.0 5.0 12.0 6.0 10.0
3.0 4.0 8.0 8.0 7.0 5.0 7.0 4.0 7.0 2.0 10.0 6.0 4.0 1.0 3.0 2.0 5.0 2.0 2.0 4.0 5.0 6.0 5.0 6.0 3.0 3.0 2.0 2.0 5.0 8.0

Maintenance Action Effect
0.42 0.42 0.38 0.39 0.49 0.5 0.44 0.36 0.43 0.44 0.38 0.37 0.48 0.37 0.46 0.37 0.41 0.35 0.46 0.41 0.48 0.36 0.43 0.38 0.47 0.41 0.48 0.46 0.47 0.4
0.24 0.26 0.24 0.29 0.29 0.24 0.23 0.28 0.23 0.23 0.31 0.23 0.22 0.24 0.35 0.28 0.28 0.23 0.25 0.28 0.32 0.27 0.29 0.22 0.22 0.3 0.21 0.28 0.21 0.27
0.12 0.11 0.19 0.18 0.15 0.19 0.14 0.17 0.16 0.06 0.19 0.19 0.17 0.08 0.07 0.08 0.2 0.06 0.09 0.12 0.17 0.15 0.14 0.2 0.13 0.09 0.12 0.06 0.2 0.15

Asset Max Health
100

Max Replacement Cost
393.0

Min Replacement Cost
209.0

Max Maintenance Action Cost
25.0 15.0 10.0

Min Maintenance Action Cost
10.0 5.0 1.0