Asset Number
30

Time Window
20

Maintenance Types
3

Risk Free Rate Minus
0.00774

Maintenance Types
0.08

Sample Size
30

Initial Condition
80.0 92.0 84.0 86.0 87.0 80.0 99.0 97.0 95.0 95.0 93.0 92.0 90.0 80.0 82.0 94.0 86.0 82.0 97.0 90.0 98.0 90.0 95.0 93.0 88.0 87.0 88.0 96.0 81.0 81.0

Degradation Matrix
3.49 3.97 4.27 4.4 4.41 4.46 4.48 4.49 4.54 4.72 4.86 4.95 5.01 5.13 5.3 5.31 5.31 5.35 5.51 5.51 5.54 5.59 5.62 5.86 6.06 6.18 6.33 6.63 6.85 6.97
3.15 3.48 3.51 3.77 4.02 4.02 4.11 4.4 4.49 4.52 4.54 4.59 4.79 4.81 4.81 4.89 4.97 5.0 5.0 5.02 5.28 5.29 5.32 5.33 5.39 5.43 5.67 5.89 5.96 6.05
3.89 4.16 4.23 4.3 4.33 4.33 4.44 4.48 4.55 4.64 4.7 4.72 4.76 4.77 4.97 5.01 5.1 5.19 5.26 5.44 5.5 5.57 5.58 5.59 5.65 5.96 6.1 6.13 6.32 6.5
3.47 3.57 3.67 3.67 3.94 4.05 4.11 4.11 4.14 4.33 4.36 4.41 4.57 4.61 4.67 4.71 4.83 4.94 5.08 5.11 5.12 5.14 5.27 5.48 5.54 5.63 5.9 6.07 6.18 8.03
3.23 3.35 3.55 3.71 3.88 4.02 4.09 4.27 4.4 4.49 4.64 4.79 4.88 4.96 5.02 5.12 5.21 5.42 5.48 5.56 5.6 5.64 5.68 5.74 5.81 5.86 6.21 6.24 6.72 8.58
3.7 3.94 4.33 4.41 4.45 4.47 4.49 4.59 4.6 4.6 4.62 4.7 4.72 4.86 4.98 5.01 5.01 5.28 5.33 5.34 5.57 5.57 5.58 5.58 5.74 5.87 5.92 6.39 6.96 6.96
3.2 3.64 3.65 3.65 3.81 3.89 3.91 3.95 3.96 4.01 4.03 4.06 4.21 4.32 4.42 4.64 4.72 4.73 4.89 4.95 5.08 5.09 5.15 5.21 5.22 5.33 5.35 5.57 6.03 7.46
3.7 3.99 4.15 4.32 4.32 4.42 4.43 4.5 4.61 4.61 4.68 4.71 4.93 4.96 4.98 5.05 5.06 5.1 5.12 5.14 5.23 5.23 5.46 5.6 5.8 5.86 5.89 5.96 6.03 6.13
3.1 3.68 4.08 4.31 4.35 4.51 4.6 4.6 4.65 4.73 4.82 4.85 4.85 4.86 5.01 5.09 5.39 5.49 5.5 5.51 5.55 5.77 6.0 6.12 6.14 6.17 6.25 6.37 6.52 6.78
3.87 4.31 4.31 4.37 4.39 4.49 4.51 4.54 4.59 4.6 4.7 4.76 4.8 4.83 4.89 4.97 4.98 4.99 5.03 5.09 5.1 5.21 5.33 5.5 5.51 5.56 5.82 5.99 6.23 6.49
3.69 4.05 4.08 4.26 4.31 4.49 4.51 4.52 4.53 4.63 4.74 4.77 4.81 4.9 4.92 4.93 5.06 5.11 5.17 5.21 5.35 5.36 5.47 5.47 5.61 5.63 5.73 5.83 6.1 7.53
3.81 3.86 4.07 4.22 4.25 4.45 4.5 4.56 4.7 4.76 4.88 4.9 4.95 5.0 5.09 5.1 5.13 5.2 5.24 5.28 5.33 5.45 5.5 5.61 5.68 5.79 5.81 5.95 6.13 6.2
3.55 3.69 3.89 3.92 4.0 4.23 4.26 4.36 4.41 4.5 4.61 4.75 4.77 4.82 4.85 4.85 5.02 5.15 5.24 5.29 5.31 5.34 5.48 5.55 5.6 5.69 5.77 6.01 6.09 7.21
3.78 3.81 4.13 4.21 4.36 4.36 4.4 4.41 4.42 4.44 4.59 4.62 4.63 4.65 4.71 4.74 4.77 4.84 4.87 4.94 5.07 5.2 5.35 5.52 5.61 5.62 5.64 6.09 6.14 6.22
3.96 4.11 4.2 4.28 4.31 4.39 4.49 4.49 4.68 4.77 4.8 4.87 4.89 4.97 5.05 5.12 5.14 5.21 5.23 5.32 5.33 5.39 5.61 5.64 5.64 5.66 5.77 5.99 6.8 7.41
3.34 3.45 3.56 3.77 3.99 4.2 4.29 4.39 4.48 4.57 4.76 4.8 4.82 4.91 4.97 5.22 5.3 5.43 5.52 5.62 5.81 6.03 6.06 6.08 6.11 6.58 7.25 7.29 7.54 7.58
3.77 3.93 4.01 4.15 4.16 4.21 4.33 4.45 4.56 4.57 4.58 4.62 4.65 4.66 4.71 4.71 4.89 4.98 5.11 5.17 5.27 5.73 5.86 5.95 5.96 6.1 6.16 6.37 7.05 7.66
2.91 3.38 3.59 3.61 3.9 4.14 4.21 4.34 4.4 4.51 4.52 4.53 4.54 4.66 4.78 4.95 4.99 5.04 5.05 5.08 5.29 5.44 5.67 5.98 6.02 6.16 6.24 6.29 6.49 6.59
3.27 3.62 3.79 4.07 4.08 4.13 4.25 4.38 4.44 4.46 4.76 4.84 5.03 5.04 5.15 5.37 5.44 5.47 5.52 5.59 5.7 5.8 5.86 5.98 6.02 6.02 6.05 6.33 6.38 6.57
3.76 3.93 4.17 4.34 4.37 4.42 4.56 4.67 4.68 4.83 4.95 4.96 5.0 5.01 5.03 5.05 5.11 5.17 5.26 5.33 5.55 5.64 5.68 5.69 5.85 5.95 5.99 6.13 6.29 6.39
3.18 3.94 4.02 4.07 4.07 4.1 4.33 4.53 4.56 4.7 4.77 4.91 4.94 5.07 5.19 5.22 5.29 5.3 5.4 5.46 5.47 5.6 5.83 5.86 6.16 6.16 6.5 7.2 7.21 7.61
3.76 3.88 3.89 4.04 4.13 4.2 4.42 4.47 4.49 4.57 4.6 4.73 4.77 4.83 4.9 5.01 5.15 5.24 5.47 5.54 5.56 5.64 5.71 5.73 5.77 5.9 5.97 6.21 6.36 6.54
2.99 3.8 3.89 3.94 3.95 4.03 4.03 4.16 4.25 4.36 4.39 4.4 4.45 4.91 4.96 4.98 5.01 5.14 5.24 5.28 5.28 5.35 5.43 5.48 5.62 5.74 5.82 6.09 6.37 6.48
3.04 3.28 3.32 3.48 3.75 3.8 4.07 4.18 4.38 4.42 4.49 4.58 4.62 4.82 4.87 4.97 5.03 5.07 5.11 5.16 5.39 5.44 5.61 5.74 5.87 6.03 6.28 6.83 7.0 7.58
2.51 3.03 3.29 3.64 3.82 3.92 3.92 4.57 4.58 4.64 4.66 4.68 4.7 4.78 4.91 5.12 5.16 5.23 5.25 5.33 5.35 5.4 5.41 5.54 5.64 5.74 6.11 6.13 7.23 7.61
4.19 4.22 4.31 4.48 4.49 4.54 4.66 4.69 4.72 4.79 4.8 4.87 4.89 4.94 5.08 5.14 5.16 5.29 5.31 5.4 5.5 5.51 5.55 5.58 5.65 5.73 5.92 6.24 6.48 6.65
3.52 3.76 3.81 3.95 3.98 4.18 4.21 4.3 4.34 4.37 4.45 4.51 4.55 4.68 4.7 4.72 4.76 4.79 4.89 4.93 5.12 5.13 5.18 5.18 5.68 5.75 6.04 6.58 6.86 7.82
3.53 3.62 3.82 4.15 4.23 4.3 4.33 4.38 4.49 4.55 4.75 4.8 4.9 4.92 5.08 5.09 5.2 5.2 5.23 5.26 5.31 5.34 5.36 5.37 5.38 5.52 5.57 5.62 5.65 6.96
3.64 3.65 3.71 3.91 4.25 4.38 4.42 4.46 4.54 4.69 4.74 4.76 4.84 4.88 5.01 5.02 5.05 5.07 5.09 5.28 5.32 5.38 5.55 5.67 5.85 5.87 5.99 6.0 6.09 6.92
3.37 3.74 3.78 3.79 3.86 4.04 4.06 4.18 4.31 4.33 4.55 4.55 4.61 4.64 4.72 4.81 4.82 4.94 5.07 5.17 5.18 5.34 5.39 5.4 5.41 5.6 5.71 5.97 5.99 6.36

Replacement Cost
291.0 353.0 332.0 367.0 389.0 338.0 266.0 316.0 394.0 261.0 251.0 387.0 352.0 239.0 295.0 307.0 314.0 383.0 330.0 276.0 218.0 257.0 240.0 312.0 320.0 335.0 333.0 379.0 375.0 265.0

Failure Cost
582.0 706.0 664.0 734.0 778.0 676.0 532.0 632.0 788.0 522.0 502.0 774.0 704.0 478.0 590.0 614.0 628.0 766.0 660.0 552.0 436.0 514.0 480.0 624.0 640.0 670.0 666.0 758.0 750.0 530.0

Maintenance Action
6.0 8.0 6.0 12.0 9.0 7.0 6.0 8.0 9.0 5.0 5.0 7.0 11.0 4.0 9.0 6.0 8.0 10.0 8.0 6.0 6.0 4.0 5.0 8.0 8.0 8.0 8.0 10.0 12.0 5.0
3.0 5.0 5.0 6.0 7.0 6.0 3.0 5.0 7.0 5.0 3.0 6.0 4.0 2.0 5.0 3.0 4.0 6.0 4.0 5.0 3.0 3.0 4.0 6.0 5.0 6.0 5.0 5.0 5.0 4.0
0.0 2.0 2.0 2.0 2.0 2.0 2.0 1.0 2.0 3.0 2.0 2.0 3.0 1.0 3.0 2.0 3.0 1.0 0.0 2.0 1.0 2.0 0.0 0.0 2.0 2.0 1.0 2.0 1.0 2.0

Maintenance Action Effect
0.41 0.37 0.38 0.47 0.41 0.41 0.48 0.42 0.47 0.4 0.4 0.38 0.47 0.37 0.48 0.36 0.42 0.38 0.5 0.42 0.47 0.37 0.39 0.36 0.35 0.39 0.45 0.43 0.5 0.35
0.23 0.27 0.24 0.27 0.26 0.29 0.21 0.28 0.29 0.3 0.25 0.33 0.25 0.23 0.26 0.22 0.22 0.3 0.23 0.32 0.3 0.22 0.32 0.3 0.26 0.27 0.28 0.22 0.22 0.32
0.06 0.11 0.13 0.13 0.11 0.09 0.17 0.09 0.12 0.18 0.17 0.13 0.15 0.11 0.17 0.12 0.2 0.06 0.05 0.14 0.08 0.16 0.06 0.05 0.12 0.15 0.06 0.08 0.05 0.16

Asset Max Health
100

Max Replacement Cost
394.0

Min Replacement Cost
218.0

Max Maintenance Action Cost
12.0 7.0 3.0

Min Maintenance Action Cost
4.0 2.0 0.0