Asset Number
30

Time Window
20

Maintenance Types
3

Risk Free Rate Minus
0.00774

Maintenance Types
0.08

Sample Size
30

Initial Condition
99.0 81.0 96.0 97.0 86.0 90.0 83.0 93.0 87.0 90.0 92.0 91.0 89.0 98.0 84.0 80.0 86.0 96.0 87.0 86.0 90.0 79.0 85.0 88.0 93.0 93.0 86.0 83.0 88.0 92.0

Degradation Matrix
2.11 2.24 2.25 2.98 3.17 3.69 3.69 3.81 4.06 4.12 4.17 4.2 4.36 4.58 4.61 4.68 4.68 4.75 5.05 5.06 5.12 5.24 5.31 5.44 5.59 6.57 6.94 7.03 7.89 10.19
2.57 3.0 3.16 3.5 3.66 3.81 3.82 4.0 4.04 4.3 4.32 4.38 4.53 4.56 4.62 4.68 4.9 5.08 5.23 5.4 5.45 5.64 5.9 6.08 6.09 6.15 6.46 6.53 6.58 7.22
2.81 3.0 3.1 3.13 3.28 3.31 3.97 4.12 4.13 4.14 4.31 4.31 4.34 4.51 4.53 4.56 4.58 4.68 4.79 4.85 5.01 5.13 5.16 5.17 5.49 5.62 5.92 5.96 6.23 6.85
0.86 1.1 1.59 2.63 2.68 2.69 2.8 3.08 3.21 3.6 3.98 3.98 4.15 4.43 4.54 4.61 4.94 5.4 5.45 5.49 5.88 5.94 6.82 7.22 7.3 8.15 8.85 9.38 9.38 11.79
3.21 3.44 3.56 3.71 3.78 4.08 4.34 4.37 4.4 4.44 4.46 4.49 4.74 5.0 5.06 5.07 5.1 5.14 5.22 5.34 5.69 5.87 5.9 6.14 6.23 6.3 6.68 7.2 7.47 7.72
2.54 3.17 3.22 3.32 3.34 3.51 3.51 3.75 3.8 4.0 4.08 4.13 4.32 4.48 4.54 4.72 4.72 4.74 4.94 5.13 5.41 5.44 5.63 5.97 5.99 6.34 6.6 7.13 7.15 7.87
1.72 1.75 1.82 2.04 2.05 2.19 2.31 2.58 2.76 2.9 3.17 3.26 3.56 3.6 3.6 3.72 3.94 3.98 4.28 4.43 4.94 5.11 5.35 5.68 6.48 6.78 6.87 7.24 7.25 7.82
1.77 1.98 2.72 3.04 3.09 3.38 3.5 3.71 3.87 4.07 4.64 4.76 4.77 4.88 5.2 5.34 5.36 5.44 5.55 5.68 5.97 6.25 6.53 6.68 6.81 6.85 6.93 7.34 7.49 7.74
2.36 2.56 2.74 2.96 3.32 3.64 3.79 3.88 4.11 4.34 4.43 4.53 4.56 5.09 5.15 5.24 5.25 5.35 5.38 5.51 5.54 5.55 5.61 5.62 5.83 5.84 6.51 6.67 7.19 8.59
2.35 3.04 3.1 3.36 3.36 3.47 3.91 3.91 3.95 3.95 4.01 4.27 4.32 4.38 4.55 4.87 4.88 4.98 5.37 5.65 5.84 5.93 6.22 6.23 6.37 6.53 6.93 8.34 8.36 8.41
1.26 1.77 1.85 1.88 1.92 2.18 2.36 2.36 3.25 3.56 3.56 3.68 3.95 4.09 4.17 4.7 5.19 5.26 5.36 5.77 5.77 5.78 5.95 6.78 7.04 7.6 8.09 8.6 9.22 11.79
3.19 3.54 3.83 3.95 4.0 4.02 4.07 4.22 4.33 4.44 4.46 4.52 4.64 4.64 4.66 4.76 4.9 4.96 5.11 5.14 5.18 5.56 5.76 6.06 6.28 6.54 6.82 6.96 7.3 8.14
1.41 2.19 2.7 2.82 2.94 3.22 3.57 3.67 3.83 3.98 4.34 4.44 4.65 4.9 4.98 5.2 5.38 5.64 5.78 5.79 6.24 6.3 6.32 6.78 7.23 7.49 9.1 9.76 10.12 11.5
1.24 2.12 2.42 2.49 2.87 2.91 2.95 3.32 3.64 3.71 3.77 3.93 4.02 4.14 4.23 4.26 4.41 4.62 4.67 4.71 4.74 4.92 4.93 5.74 5.8 5.93 6.03 6.24 7.91 11.27
2.38 2.63 2.76 3.06 3.22 3.43 3.47 3.7 4.2 4.21 4.31 4.44 4.46 4.55 4.63 4.64 5.16 5.33 5.38 5.48 5.76 5.8 5.82 6.01 6.13 6.81 6.86 6.91 7.11 9.41
2.22 2.55 2.89 3.15 3.25 3.36 3.39 3.76 3.97 4.03 4.14 4.29 4.67 4.82 4.86 4.91 5.0 5.15 5.35 5.43 5.6 5.63 5.73 6.01 6.2 6.22 6.22 6.67 7.52 8.14
2.98 3.01 3.42 3.56 3.62 3.66 4.01 4.13 4.28 4.44 4.46 4.55 4.55 4.56 4.81 5.11 5.15 5.18 5.27 5.29 5.41 5.52 5.58 5.67 5.71 6.09 6.4 6.43 6.5 6.82
2.68 2.85 3.11 3.44 3.55 3.61 3.71 3.76 3.87 4.01 4.03 4.03 4.04 4.26 4.37 4.51 4.58 4.62 4.92 5.44 5.62 5.69 5.82 6.05 6.07 6.23 6.47 6.52 7.33 7.69
2.29 2.76 3.53 3.54 3.66 3.82 3.85 3.91 3.95 3.98 4.01 4.06 4.24 4.33 4.45 4.45 4.49 4.54 4.61 4.66 4.76 4.96 5.15 5.17 5.2 6.22 6.41 6.85 7.11 9.85
1.95 2.06 2.48 2.87 3.26 3.29 3.4 3.44 3.57 3.76 4.0 4.13 4.25 4.37 4.42 4.43 4.7 5.36 5.49 5.6 5.77 5.83 5.85 6.2 6.75 7.25 7.6 7.77 8.27 8.29
2.72 2.93 3.19 3.37 3.43 3.51 3.6 3.75 3.9 4.11 4.52 4.54 4.69 4.95 4.98 5.21 5.33 5.52 5.65 5.69 6.02 6.04 6.32 6.4 6.45 6.84 7.13 7.33 8.95 9.15
2.07 2.19 2.59 2.9 3.09 3.17 3.26 3.41 3.51 3.55 3.56 3.66 3.8 4.2 4.25 4.43 4.45 4.58 4.67 4.72 4.8 5.15 5.59 5.64 5.72 6.52 7.11 7.25 7.67 7.94
1.89 2.91 2.92 2.93 2.98 2.99 3.35 3.47 3.48 3.5 3.52 3.59 3.86 3.9 3.94 4.05 4.17 4.29 4.36 4.69 4.75 5.03 5.31 5.55 5.68 5.72 5.76 6.21 6.77 8.11
2.19 2.4 2.52 2.66 3.0 3.07 3.62 3.7 3.78 4.19 4.27 4.37 4.51 4.52 4.75 5.07 5.11 5.89 5.92 6.85 6.86 7.73 7.89 8.21 8.31 8.7 8.87 8.91 9.88 10.3
1.11 1.59 1.62 1.72 2.1 3.01 3.1 3.43 3.64 3.67 3.7 3.92 3.98 3.98 4.19 4.19 4.22 4.69 4.72 5.02 5.22 5.51 5.75 6.17 6.43 6.76 7.64 8.22 9.19 12.81
2.35 3.05 3.2 3.24 3.25 3.33 3.51 3.65 3.66 3.75 3.81 4.11 4.16 4.58 4.64 4.92 4.94 5.42 5.52 5.56 5.7 6.05 6.85 7.17 8.78 8.96 9.0 9.26 9.29 10.22
2.59 2.66 2.77 3.03 3.17 3.25 3.33 3.72 3.88 3.93 4.0 4.11 4.15 4.17 4.23 4.56 4.69 4.86 5.0 5.19 5.42 5.72 5.76 6.34 6.55 6.55 6.57 6.68 7.37 7.97
3.09 3.49 3.62 3.72 4.08 4.56 4.6 4.64 4.81 4.82 4.86 4.89 4.97 5.15 5.42 5.51 5.62 5.8 5.9 5.96 6.32 6.53 6.54 6.55 6.65 6.72 7.11 7.37 7.43 7.46
2.51 2.6 3.18 3.4 3.59 3.59 3.72 3.85 3.9 4.01 4.55 4.56 4.68 4.71 4.96 5.01 5.14 5.18 5.27 5.32 5.38 5.7 6.06 6.27 6.41 6.76 7.02 7.12 9.17 11.55
2.47 3.12 3.29 3.52 3.62 3.71 3.82 3.99 3.99 4.12 4.15 4.28 4.31 4.38 4.64 4.94 5.06 5.19 5.26 5.26 5.36 5.52 5.56 5.56 5.99 6.22 6.32 6.34 6.76 7.18

Replacement Cost
280.0 262.0 292.0 299.0 342.0 395.0 346.0 365.0 392.0 361.0 236.0 368.0 375.0 384.0 226.0 371.0 383.0 207.0 381.0 258.0 242.0 249.0 280.0 286.0 326.0 386.0 354.0 396.0 307.0 322.0

Failure Cost
560.0 524.0 584.0 598.0 684.0 790.0 692.0 730.0 784.0 722.0 472.0 736.0 750.0 768.0 452.0 742.0 766.0 414.0 762.0 516.0 484.0 498.0 560.0 572.0 652.0 772.0 708.0 792.0 614.0 644.0

Maintenance Action
13.0 13.0 15.0 15.0 20.0 22.0 21.0 17.0 19.0 18.0 14.0 16.0 23.0 23.0 11.0 21.0 20.0 8.0 19.0 10.0 12.0 11.0 11.0 12.0 16.0 20.0 16.0 17.0 17.0 14.0
9.0 9.0 11.0 10.0 11.0 12.0 11.0 15.0 14.0 16.0 8.0 12.0 15.0 17.0 10.0 12.0 15.0 6.0 15.0 9.0 8.0 8.0 9.0 10.0 11.0 17.0 12.0 12.0 11.0 12.0
7.0 8.0 7.0 7.0 9.0 9.0 9.0 10.0 7.0 8.0 5.0 10.0 9.0 11.0 4.0 7.0 9.0 5.0 7.0 6.0 4.0 6.0 5.0 7.0 10.0 10.0 10.0 7.0 8.0 7.0

Maintenance Action Effect
0.82 0.83 0.82 0.77 0.8 0.77 0.89 0.84 0.8 0.79 0.87 0.88 0.86 0.88 0.82 0.86 0.87 0.79 0.83 0.78 0.81 0.86 0.8 0.8 0.86 0.77 0.84 0.78 0.8 0.79
0.58 0.58 0.69 0.64 0.55 0.6 0.56 0.57 0.6 0.69 0.57 0.67 0.68 0.67 0.62 0.6 0.69 0.55 0.63 0.56 0.56 0.68 0.62 0.61 0.64 0.69 0.64 0.61 0.61 0.65
0.44 0.48 0.43 0.41 0.39 0.47 0.44 0.46 0.38 0.39 0.48 0.44 0.47 0.44 0.4 0.38 0.48 0.41 0.36 0.46 0.35 0.41 0.39 0.39 0.45 0.38 0.47 0.38 0.41 0.41

Asset Max Health
100

Max Replacement Cost
396.0

Min Replacement Cost
207.0

Max Maintenance Action Cost
23.0 17.0 11.0

Min Maintenance Action Cost
8.0 6.0 4.0