Asset Number
30

Time Window
10

Maintenance Types
3

Risk Free Rate Minus
0.00774

Maintenance Types
0.08

Sample Size
30

Initial Condition
63.0 63.0 64.0 82.0 78.0 63.0 78.0 70.0 68.0 72.0 67.0 77.0 75.0 68.0 73.0 70.0 70.0 78.0 68.0 66.0 71.0 77.0 74.0 64.0 71.0 69.0 71.0 68.0 73.0 72.0

Degradation Matrix
1.11 2.24 2.34 3.42 4.62 4.82 5.15 5.33 5.66 5.95 6.92 6.93 7.06 7.13 7.2 7.77 8.54 8.61 8.69 9.54 9.89 10.2 11.14 11.26 12.6 14.01 14.7 14.96 17.26 20.59
3.03 3.11 3.27 5.09 5.24 5.39 5.67 5.8 6.54 6.63 7.96 8.24 8.62 8.88 9.23 9.43 10.08 10.86 11.63 11.69 12.76 12.9 13.83 14.18 14.39 14.45 16.42 16.8 21.24 24.56
4.59 4.77 6.39 7.26 7.92 8.26 8.34 8.71 8.81 9.09 9.39 9.68 9.94 9.97 10.08 10.42 10.76 10.77 11.23 11.34 11.74 12.12 12.99 15.26 15.26 15.64 15.77 16.38 19.06 20.23
2.62 2.72 2.87 2.92 3.27 3.54 4.58 4.99 5.41 5.95 6.12 6.8 6.83 7.08 8.33 8.81 9.07 9.72 10.23 10.24 10.32 10.47 10.62 10.69 10.73 10.79 11.93 14.29 15.0 18.19
2.46 2.73 3.55 3.96 4.15 5.45 5.55 5.55 5.64 6.16 6.42 6.49 6.66 7.05 7.47 7.48 7.87 7.9 9.27 9.39 10.16 10.59 10.89 14.38 15.76 16.53 17.46 18.11 19.05 27.54
4.37 5.31 5.64 6.0 7.31 7.38 7.62 7.66 7.66 8.34 8.39 8.5 8.57 8.68 9.01 9.24 9.62 9.76 10.19 10.23 10.51 10.55 10.97 11.67 13.33 13.63 16.74 18.11 18.8 19.93
4.65 5.13 5.76 5.84 6.71 7.3 7.69 7.81 8.21 8.23 8.31 8.58 8.72 8.84 9.01 9.12 9.46 9.52 9.81 10.28 10.31 10.56 10.96 12.07 12.11 12.77 14.07 14.08 14.26 15.56
2.31 3.48 4.0 4.22 5.84 5.87 6.33 6.83 8.13 8.17 8.25 8.65 8.81 8.89 9.19 9.54 9.64 10.39 10.41 11.13 11.59 12.3 13.0 13.15 14.53 17.83 18.95 21.29 21.37 23.41
4.16 4.47 5.44 6.05 6.06 6.83 6.99 7.05 7.2 7.91 8.65 9.39 9.9 9.91 10.8 10.98 11.35 12.07 12.18 12.49 12.67 13.03 13.26 13.45 14.16 15.19 16.04 16.39 19.54 19.91
2.03 3.86 3.89 4.14 4.5 4.88 5.82 5.93 6.16 6.42 7.02 7.08 7.43 7.86 8.17 8.32 9.8 11.11 11.74 12.36 12.94 13.41 14.13 14.65 17.86 18.51 19.66 21.36 27.06 29.02
2.82 3.83 3.93 4.01 4.16 4.74 5.02 5.25 5.38 6.18 6.29 7.24 7.41 7.64 7.84 8.25 8.78 9.36 9.81 9.97 10.81 11.12 11.71 12.13 12.18 14.09 14.45 17.86 21.29 23.63
1.03 2.38 2.8 2.99 3.05 5.26 5.45 5.63 5.73 5.97 6.13 6.46 6.59 7.18 7.32 7.95 8.89 9.12 9.65 10.0 10.43 11.08 11.27 11.82 12.04 15.86 18.05 18.46 18.74 24.66
2.83 3.98 4.87 5.43 6.49 6.57 7.46 8.03 8.43 8.57 8.94 9.44 9.44 10.28 11.57 12.29 12.41 12.83 13.01 13.77 14.11 14.26 14.95 15.31 16.11 16.76 17.25 17.27 17.49 18.99
5.19 5.3 6.0 6.01 6.25 6.55 6.84 7.39 7.44 7.8 9.07 9.53 10.7 10.75 10.98 11.24 12.0 12.0 12.32 12.46 12.84 12.99 13.46 14.76 15.16 15.85 16.4 16.59 18.28 18.94
3.46 3.7 4.47 4.48 4.58 4.73 5.04 5.69 5.88 6.12 6.29 7.53 7.72 8.19 8.23 8.39 8.85 9.49 12.08 12.41 13.09 13.37 13.56 13.69 15.41 15.94 16.52 17.41 24.66 32.15
2.7 5.09 5.4 7.15 7.56 7.65 7.97 8.19 8.38 8.51 9.23 9.25 9.8 9.88 10.52 10.9 11.52 11.63 11.92 12.15 12.32 12.46 13.17 13.19 13.22 13.47 14.84 16.26 21.2 22.49
1.62 2.38 2.59 3.55 4.23 5.41 5.75 5.99 6.08 6.21 6.42 6.84 7.46 7.53 7.62 8.02 8.63 8.82 8.88 10.42 10.64 10.64 10.92 10.94 12.52 13.13 18.41 18.54 22.19 30.84
2.51 4.1 4.46 4.48 5.18 5.91 6.54 7.05 8.67 9.27 9.46 9.57 9.7 9.98 10.43 11.08 12.27 12.36 12.42 14.13 14.22 14.63 14.9 15.28 15.85 17.56 18.54 19.24 21.2 21.71
4.47 4.68 4.94 5.37 5.98 6.13 6.31 6.54 7.01 7.19 7.9 7.93 8.08 8.43 8.93 9.43 10.11 10.61 10.84 11.56 11.92 12.35 12.55 13.67 13.92 14.38 15.23 15.55 16.19 17.37
3.96 5.36 6.0 6.12 6.14 6.62 7.07 7.45 8.16 8.21 8.47 8.55 9.01 9.16 9.22 9.8 9.8 9.95 10.76 10.79 10.96 11.14 11.97 12.05 12.17 12.46 12.5 13.76 14.34 15.9
1.66 4.0 5.1 5.55 5.74 6.82 6.96 7.13 7.2 7.29 7.3 7.81 7.92 8.24 8.58 9.39 9.87 9.99 10.96 11.65 12.02 12.23 12.57 13.39 13.42 15.03 17.23 18.27 18.77 23.09
3.97 5.49 5.63 5.67 5.75 6.89 7.49 7.71 7.73 7.82 7.96 8.73 9.84 10.27 10.35 11.09 11.65 13.59 13.61 13.78 13.82 13.99 14.7 15.36 15.89 16.35 16.37 16.51 16.99 18.09
4.35 5.09 5.52 6.07 6.12 6.71 6.81 7.82 7.83 8.19 8.3 8.83 9.06 9.31 9.6 9.74 10.22 10.51 10.8 11.04 11.22 11.3 11.47 11.52 12.05 12.95 14.59 17.3 18.14 19.06
2.82 3.09 3.65 3.76 5.28 5.51 5.66 5.73 6.0 6.15 6.2 7.57 8.17 8.86 8.96 9.8 9.93 10.07 10.09 10.55 10.67 11.14 11.24 11.49 14.68 17.87 18.45 18.95 20.81 25.2
2.15 2.41 2.46 3.36 3.37 4.97 5.33 5.42 5.59 6.53 7.67 7.73 7.74 7.8 7.89 8.22 8.23 8.41 8.51 8.93 9.37 11.25 11.79 11.93 12.1 12.24 14.76 17.08 17.37 19.58
4.19 4.24 4.25 6.35 6.74 7.07 7.08 7.96 8.07 8.36 8.4 8.72 9.29 9.54 10.07 10.09 10.12 10.79 10.93 11.03 11.19 11.89 13.87 14.11 15.58 16.53 16.93 17.05 17.96 18.25
3.94 6.07 6.23 6.69 6.71 6.94 8.32 8.35 8.68 8.98 9.17 9.34 9.37 9.61 9.8 9.98 9.99 10.54 10.67 10.84 11.04 11.06 11.28 12.41 13.08 13.92 14.62 15.39 16.72 19.28
1.14 2.52 3.7 4.11 4.59 4.66 5.07 5.34 5.65 6.08 6.67 6.73 7.35 7.46 7.81 8.05 8.06 8.36 8.63 9.99 10.6 11.25 12.93 13.51 15.02 15.53 16.15 16.63 20.85 23.91
3.62 4.61 5.25 5.78 5.81 5.83 7.28 7.56 7.63 8.0 8.2 9.15 9.49 9.56 9.79 10.38 10.42 10.9 11.26 11.74 12.44 14.16 14.5 14.95 14.99 16.79 16.98 17.95 18.09 19.4
3.82 5.35 5.57 5.61 5.97 6.02 7.35 8.56 8.7 8.94 9.28 9.52 9.89 10.0 10.48 10.87 11.27 11.59 11.64 12.09 12.23 12.75 12.84 12.98 13.44 14.83 15.53 16.44 17.06 17.89

Replacement Cost
308.0 349.0 259.0 365.0 311.0 266.0 202.0 231.0 211.0 279.0 261.0 315.0 369.0 261.0 352.0 233.0 331.0 304.0 329.0 235.0 385.0 320.0 342.0 253.0 305.0 299.0 244.0 373.0 305.0 269.0

Failure Cost
616.0 698.0 518.0 730.0 622.0 532.0 404.0 462.0 422.0 558.0 522.0 630.0 738.0 522.0 704.0 466.0 662.0 608.0 658.0 470.0 770.0 640.0 684.0 506.0 610.0 598.0 488.0 746.0 610.0 538.0

Maintenance Action
16.0 16.0 16.0 14.0 15.0 15.0 9.0 10.0 9.0 11.0 11.0 13.0 14.0 16.0 15.0 11.0 15.0 18.0 16.0 16.0 23.0 16.0 19.0 13.0 18.0 17.0 17.0 15.0 20.0 13.0
8.0 14.0 5.0 14.0 10.0 6.0 7.0 8.0 8.0 7.0 9.0 10.0 13.0 8.0 12.0 7.0 12.0 13.0 11.0 10.0 14.0 12.0 13.0 10.0 9.0 7.0 7.0 9.0 8.0 11.0
4.0 6.0 1.0 3.0 2.0 2.0 1.0 4.0 3.0 3.0 3.0 2.0 4.0 1.0 3.0 2.0 5.0 3.0 4.0 2.0 6.0 5.0 3.0 4.0 5.0 5.0 3.0 8.0 5.0 2.0

Maintenance Action Effect
0.42 0.46 0.45 0.39 0.42 0.4 0.35 0.46 0.42 0.35 0.36 0.39 0.38 0.45 0.43 0.39 0.36 0.45 0.45 0.5 0.46 0.48 0.46 0.49 0.42 0.45 0.49 0.38 0.46 0.41
0.21 0.29 0.22 0.31 0.24 0.2 0.32 0.3 0.28 0.23 0.29 0.28 0.32 0.26 0.33 0.26 0.26 0.32 0.29 0.32 0.33 0.33 0.29 0.34 0.29 0.25 0.22 0.2 0.21 0.34
0.14 0.17 0.07 0.07 0.06 0.09 0.06 0.15 0.1 0.11 0.11 0.08 0.09 0.05 0.1 0.08 0.15 0.09 0.12 0.12 0.14 0.15 0.09 0.12 0.18 0.14 0.12 0.19 0.15 0.09

Asset Max Health
100

Max Replacement Cost
385.0

Min Replacement Cost
202.0

Max Maintenance Action Cost
23.0 14.0 8.0

Min Maintenance Action Cost
9.0 5.0 1.0