Asset Number
30

Time Window
20

Maintenance Types
3

Risk Free Rate Minus
0.00774

Maintenance Types
0.08

Sample Size
30

Initial Condition
81.0 77.0 76.0 75.0 77.0 76.0 79.0 77.0 76.0 75.0 72.0 76.0 62.0 66.0 76.0 79.0 71.0 79.0 69.0 78.0 67.0 63.0 70.0 79.0 72.0 71.0 66.0 75.0 70.0 75.0

Degradation Matrix
3.78 3.92 4.04 4.07 4.08 4.13 4.15 4.18 4.34 4.4 4.59 4.59 4.69 4.73 4.73 4.75 4.84 4.86 4.94 5.07 5.1 5.36 5.37 5.38 5.53 5.64 5.9 5.99 6.93 7.58
4.12 4.31 4.33 4.34 4.41 4.48 4.48 4.51 4.56 4.65 4.71 4.74 4.77 4.77 4.83 4.96 5.03 5.08 5.15 5.2 5.23 5.24 5.27 5.29 5.43 5.61 5.72 5.82 6.08 6.17
3.13 3.86 3.86 3.93 3.95 3.99 4.24 4.29 4.42 4.46 4.51 4.54 4.55 4.99 5.0 5.11 5.25 5.29 5.35 5.47 5.51 5.52 5.56 5.57 5.67 5.85 6.3 6.37 6.62 6.86
3.38 3.72 3.72 3.79 3.81 4.04 4.11 4.16 4.19 4.21 4.41 4.42 4.48 4.67 4.73 4.85 4.88 4.97 5.09 5.1 5.34 5.37 5.38 5.6 5.75 5.84 6.07 6.27 6.38 7.17
2.5 2.82 3.49 3.77 3.96 4.27 4.28 4.3 4.43 4.54 4.57 4.58 4.58 4.71 4.8 4.8 4.85 4.85 4.95 5.04 5.13 5.15 5.24 5.3 5.38 5.42 5.6 6.08 6.42 6.47
3.77 4.13 4.37 4.39 4.4 4.42 4.46 4.53 4.55 4.59 4.61 4.61 4.68 4.75 4.87 4.87 4.91 5.13 5.18 5.21 5.21 5.25 5.37 5.41 5.45 5.45 5.55 5.98 6.14 6.7
3.15 3.45 3.76 3.83 4.02 4.09 4.17 4.39 4.55 4.75 4.78 4.83 4.9 5.1 5.15 5.17 5.21 5.22 5.25 5.28 5.34 5.56 5.6 5.67 5.97 6.0 6.35 6.49 6.99 8.24
3.42 3.72 3.88 3.99 4.21 4.25 4.28 4.34 4.35 4.55 4.57 4.6 4.67 4.93 4.93 5.0 5.02 5.03 5.06 5.13 5.34 5.4 5.52 5.55 5.66 5.73 5.79 6.0 6.32 6.32
3.69 4.0 4.12 4.16 4.21 4.24 4.24 4.42 4.44 4.58 4.67 4.72 4.85 5.08 5.15 5.16 5.16 5.17 5.46 5.57 5.59 5.6 5.76 5.77 5.99 6.04 6.23 6.26 6.32 6.47
3.41 3.5 4.04 4.16 4.35 4.52 4.57 4.73 4.74 4.79 4.86 4.86 4.88 4.9 4.94 4.99 5.13 5.18 5.22 5.33 5.36 5.41 5.57 5.61 5.77 5.79 6.13 6.24 6.78 6.96
3.23 3.76 3.93 4.08 4.23 4.39 4.44 4.72 4.81 4.84 4.94 4.97 4.99 5.02 5.06 5.08 5.19 5.22 5.31 5.4 5.4 5.58 5.58 5.66 5.72 5.73 6.19 6.24 6.54 7.01
3.51 3.6 3.81 3.85 3.92 4.1 4.11 4.17 4.21 4.36 4.41 4.66 4.69 4.97 4.98 5.07 5.16 5.25 5.26 5.28 5.44 5.65 5.78 5.81 5.81 5.86 5.91 5.96 6.04 6.26
3.56 3.68 4.23 4.33 4.36 4.45 4.46 4.49 4.56 4.56 4.57 4.6 4.66 4.7 4.74 4.84 5.06 5.1 5.13 5.13 5.15 5.17 5.3 5.37 5.5 5.56 5.57 5.72 6.11 6.66
3.36 3.94 4.1 4.11 4.15 4.16 4.18 4.29 4.35 4.57 4.57 4.64 4.75 4.82 4.9 5.07 5.16 5.47 5.49 5.51 5.52 5.7 5.79 5.84 5.89 7.28 7.35 7.93 8.03 8.95
3.5 3.84 3.87 3.88 3.89 4.14 4.24 4.64 4.76 4.78 4.97 4.97 4.98 5.07 5.12 5.45 5.53 5.6 5.64 5.66 5.69 5.76 5.79 5.8 5.82 5.89 5.94 6.13 6.26 6.81
3.48 3.62 3.65 4.01 4.34 4.42 4.47 4.48 4.51 4.53 4.58 4.59 4.64 4.73 4.77 4.82 4.89 4.94 4.96 4.99 5.15 5.16 5.19 5.24 5.33 5.48 5.57 5.7 6.6 6.89
3.89 4.0 4.04 4.27 4.6 4.66 4.72 4.72 4.74 4.75 4.75 4.77 4.78 4.82 4.85 4.86 4.92 4.98 4.98 5.06 5.13 5.21 5.22 5.35 5.39 5.61 5.7 5.72 5.74 6.04
3.44 3.66 3.85 3.86 3.92 4.09 4.13 4.17 4.34 4.43 4.44 4.61 4.81 4.84 4.9 4.94 5.01 5.09 5.15 5.15 5.2 5.25 5.35 5.4 5.44 5.51 5.56 5.71 5.85 5.99
4.21 4.47 4.6 4.64 4.65 4.66 4.68 4.72 4.76 4.77 4.79 4.87 4.95 4.97 5.04 5.06 5.1 5.13 5.24 5.26 5.31 5.31 5.43 5.5 5.55 6.06 6.06 6.22 6.32 6.49
3.73 3.99 4.04 4.05 4.1 4.38 4.49 4.54 4.58 4.73 4.77 4.78 4.79 4.79 4.89 4.91 4.92 5.1 5.12 5.22 5.25 5.51 5.55 5.58 5.59 5.59 5.91 6.12 6.16 6.6
3.45 3.6 3.8 3.81 3.95 4.09 4.13 4.2 4.23 4.27 4.31 4.33 4.64 4.66 4.8 4.95 5.19 5.19 5.23 5.27 5.27 5.31 5.84 5.9 6.05 6.11 6.3 6.68 6.69 7.62
3.57 3.62 3.8 3.8 3.87 4.07 4.11 4.12 4.56 4.62 4.81 4.89 5.16 5.29 5.45 5.67 5.8 5.99 6.02 6.05 6.08 6.09 6.2 6.2 6.48 6.63 6.65 6.73 7.17 7.27
3.07 3.75 3.78 3.79 4.23 4.37 4.4 4.43 4.5 4.59 4.65 4.74 4.77 4.79 4.79 4.88 5.08 5.13 5.13 5.15 5.23 5.4 5.65 5.72 5.75 5.77 5.81 6.74 7.55 8.04
3.45 3.72 3.72 3.87 3.95 4.21 4.23 4.29 4.36 4.36 4.57 4.58 4.69 4.76 4.83 4.84 4.93 5.08 5.22 5.23 5.43 5.54 5.55 5.65 5.69 5.81 5.86 5.91 6.08 6.16
3.75 4.35 4.49 4.51 4.52 4.58 4.58 4.64 4.72 4.76 4.81 4.85 4.97 4.99 5.03 5.06 5.09 5.16 5.17 5.3 5.32 5.38 5.4 5.42 5.6 5.6 5.74 5.86 6.13 6.45
3.8 3.87 4.11 4.33 4.54 4.61 4.65 4.7 4.79 4.79 4.92 5.05 5.13 5.19 5.26 5.29 5.29 5.48 5.5 5.5 5.56 5.56 5.63 5.68 5.78 5.96 6.09 6.21 6.29 6.43
3.88 3.99 4.02 4.09 4.22 4.32 4.34 4.41 4.45 4.53 4.55 4.62 4.67 4.71 4.71 4.83 4.87 4.91 5.02 5.03 5.11 5.43 5.46 5.61 5.69 5.71 5.78 5.9 6.13 6.29
3.69 3.9 3.95 4.12 4.16 4.45 4.53 4.55 4.69 4.76 4.77 4.77 4.88 4.88 4.94 4.94 4.99 5.11 5.16 5.17 5.19 5.28 5.45 5.46 5.46 5.47 5.52 5.69 5.82 6.26
3.44 3.8 4.1 4.13 4.31 4.35 4.45 4.48 4.5 4.53 4.8 4.98 5.14 5.22 5.25 5.3 5.48 5.48 5.54 5.56 5.6 5.73 5.82 5.82 5.89 5.93 6.03 6.25 6.25 6.41
3.17 3.55 3.84 3.97 4.13 4.14 4.2 4.2 4.35 4.44 4.5 4.51 4.57 4.64 4.71 4.82 4.96 5.04 5.05 5.13 5.18 5.27 5.55 5.7 6.03 6.16 6.24 6.59 6.78 7.35

Replacement Cost
398.0 381.0 246.0 240.0 295.0 229.0 348.0 332.0 347.0 226.0 321.0 272.0 322.0 361.0 317.0 228.0 340.0 329.0 301.0 392.0 350.0 362.0 363.0 257.0 297.0 318.0 267.0 217.0 253.0 361.0

Failure Cost
796.0 762.0 492.0 480.0 590.0 458.0 696.0 664.0 694.0 452.0 642.0 544.0 644.0 722.0 634.0 456.0 680.0 658.0 602.0 784.0 700.0 724.0 726.0 514.0 594.0 636.0 534.0 434.0 506.0 722.0

Maintenance Action
21.0 23.0 10.0 12.0 13.0 10.0 14.0 15.0 13.0 13.0 13.0 10.0 12.0 17.0 17.0 11.0 19.0 14.0 13.0 15.0 20.0 19.0 15.0 10.0 17.0 17.0 12.0 11.0 15.0 22.0
16.0 12.0 9.0 11.0 10.0 11.0 13.0 12.0 13.0 11.0 10.0 10.0 10.0 14.0 15.0 6.0 15.0 15.0 15.0 16.0 12.0 10.0 12.0 10.0 9.0 15.0 11.0 8.0 8.0 11.0
13.0 11.0 5.0 5.0 5.0 5.0 7.0 9.0 8.0 5.0 8.0 7.0 8.0 9.0 7.0 4.0 8.0 6.0 7.0 13.0 9.0 7.0 9.0 5.0 5.0 9.0 6.0 7.0 5.0 8.0

Maintenance Action Effect
0.83 0.83 0.78 0.77 0.89 0.76 0.76 0.78 0.76 0.82 0.76 0.75 0.76 0.76 0.76 0.79 0.86 0.84 0.88 0.79 0.88 0.9 0.83 0.78 0.86 0.85 0.88 0.77 0.82 0.85
0.69 0.58 0.62 0.67 0.65 0.66 0.65 0.64 0.63 0.68 0.6 0.7 0.59 0.67 0.66 0.56 0.6 0.68 0.69 0.64 0.62 0.58 0.63 0.6 0.56 0.67 0.64 0.63 0.64 0.63
0.49 0.44 0.41 0.41 0.38 0.48 0.39 0.41 0.46 0.4 0.37 0.37 0.41 0.42 0.44 0.36 0.37 0.42 0.47 0.5 0.42 0.38 0.36 0.41 0.37 0.44 0.44 0.5 0.37 0.39

Asset Max Health
100

Max Replacement Cost
398.0

Min Replacement Cost
217.0

Max Maintenance Action Cost
23.0 16.0 13.0

Min Maintenance Action Cost
10.0 6.0 4.0