Asset Number
30

Time Window
10

Maintenance Types
3

Risk Free Rate Minus
0.00774

Maintenance Types
0.08

Sample Size
30

Initial Condition
93.0 91.0 75.0 88.0 84.0 81.0 79.0 73.0 74.0 89.0 91.0 76.0 77.0 76.0 74.0 78.0 73.0 81.0 74.0 77.0 92.0 80.0 89.0 91.0 73.0 84.0 73.0 77.0 73.0 90.0

Degradation Matrix
2.87 2.88 2.99 3.08 3.78 4.0 4.04 4.91 5.18 5.26 6.07 7.22 7.39 7.78 7.8 7.85 7.97 8.1 9.45 9.84 10.23 10.71 10.78 11.91 12.48 12.84 12.99 16.18 18.79 33.6
2.82 5.03 5.45 5.78 5.94 5.95 6.07 6.12 6.27 6.85 7.14 7.19 7.43 7.91 8.09 8.4 8.62 8.64 8.68 9.38 9.91 10.19 11.48 11.57 11.77 11.86 13.14 14.29 16.41 24.42
1.74 4.65 6.23 6.23 6.45 6.55 7.02 7.24 7.35 7.89 8.58 8.75 10.16 10.47 10.48 10.55 10.61 10.68 11.08 11.3 11.69 12.08 12.63 12.88 13.63 13.68 14.76 15.33 15.39 15.81
0.74 2.51 3.9 3.95 4.56 4.61 5.32 5.53 5.55 5.96 6.39 7.19 7.39 7.67 8.5 8.59 8.91 8.95 9.07 9.16 9.63 10.05 11.05 11.39 12.01 12.59 14.28 14.59 15.85 16.61
2.73 3.44 4.89 5.72 6.03 6.7 6.85 7.37 7.7 7.81 7.96 8.46 8.54 8.62 8.68 9.04 9.54 9.69 10.14 10.31 10.77 10.87 11.78 12.25 14.14 14.73 16.1 21.26 22.98 30.98
1.22 1.38 2.19 3.06 3.49 4.17 4.33 5.34 5.54 5.77 5.91 7.46 7.86 7.89 8.59 8.72 9.39 10.35 11.0 12.48 12.65 12.83 12.95 13.51 14.02 14.52 15.27 17.07 18.29 24.35
4.68 5.06 5.94 6.4 8.18 8.3 8.49 8.66 8.95 9.15 9.16 9.4 9.44 9.46 9.52 9.73 9.86 10.13 10.54 10.9 11.08 12.11 12.25 12.46 13.5 14.1 14.71 15.06 16.17 19.0
4.1 5.14 5.33 5.98 6.36 6.58 6.63 6.92 6.94 7.26 7.52 7.67 8.26 8.35 8.38 8.64 10.45 10.76 11.33 11.58 12.33 12.61 13.19 13.52 13.97 16.1 17.16 20.21 21.12 26.48
3.98 4.01 5.37 6.45 6.98 7.17 7.3 8.01 8.78 8.88 9.0 9.18 9.44 9.84 9.96 10.24 11.16 12.3 12.64 12.66 12.78 14.46 14.84 15.45 15.8 16.58 16.71 18.94 23.15 27.75
2.91 4.11 4.19 4.56 5.25 5.49 6.01 6.1 6.19 6.6 7.03 7.04 7.23 7.27 7.41 8.61 8.98 9.05 9.72 10.0 10.61 10.68 11.17 11.78 12.43 15.48 18.25 18.41 18.48 22.06
4.82 4.92 4.97 5.4 5.59 5.72 6.09 6.7 7.01 7.18 7.61 8.11 8.5 8.74 9.31 9.64 9.77 11.26 11.26 12.96 12.99 13.21 14.05 14.97 15.77 17.97 18.76 20.16 22.21 22.95
3.01 4.7 5.41 5.43 5.44 5.7 6.62 7.17 7.37 9.45 10.02 10.02 10.9 11.15 11.32 11.32 14.24 14.25 14.33 15.48 15.51 15.8 16.16 16.61 16.73 17.94 18.02 18.42 19.03 26.74
3.71 3.78 3.86 3.93 5.11 5.27 5.3 5.94 6.35 6.54 6.96 7.12 7.4 7.94 8.09 8.44 8.67 8.93 8.99 10.02 10.34 10.56 11.37 11.79 12.24 12.52 14.64 17.36 18.04 26.16
1.25 1.62 3.2 3.48 3.74 3.88 4.2 4.35 4.64 5.63 5.84 5.96 6.36 6.6 6.66 7.02 7.58 7.79 7.91 9.36 9.5 9.51 9.81 9.89 9.95 11.45 11.8 12.64 17.17 17.39
3.2 3.82 4.27 5.0 5.14 5.16 5.29 5.38 5.69 6.5 6.59 6.6 7.07 7.28 7.33 7.35 7.67 7.99 8.27 8.29 8.35 9.39 9.69 9.88 10.49 10.56 10.79 11.25 11.52 12.23
2.74 3.84 4.03 4.08 4.76 4.86 4.92 5.43 5.46 6.58 6.66 6.76 6.85 7.02 7.22 8.16 8.35 8.89 9.16 9.42 9.54 10.02 10.06 11.01 11.07 12.41 13.13 13.6 14.12 15.72
1.81 2.3 2.38 3.3 5.12 5.32 5.34 5.73 5.92 5.99 6.24 6.62 6.97 6.98 7.2 7.8 9.18 9.81 10.49 10.99 12.22 12.75 13.85 13.86 14.23 18.36 18.78 18.99 20.16 24.6
2.16 2.84 3.21 3.38 3.58 4.08 5.12 6.05 6.06 6.3 6.39 6.49 6.77 8.87 9.43 11.18 11.79 12.12 12.43 12.55 12.58 12.66 12.69 13.44 13.66 13.98 17.33 20.33 21.5 23.61
2.0 2.19 3.01 3.14 3.49 3.91 4.16 4.4 4.46 5.92 6.95 7.09 8.15 8.68 8.99 9.16 9.31 9.69 9.82 10.48 10.97 12.1 12.34 12.8 13.58 14.01 14.11 18.7 20.65 24.93
4.13 5.32 5.69 5.7 6.33 6.37 6.59 7.57 7.59 7.61 8.0 8.5 9.21 9.58 9.69 10.3 10.33 10.46 10.57 11.42 11.83 12.46 12.7 14.03 14.18 14.65 14.98 15.24 17.03 20.55
2.37 3.12 3.2 5.91 6.29 6.55 6.67 6.84 8.3 8.45 9.25 9.4 9.56 9.86 9.92 10.45 11.22 11.79 12.44 12.5 13.04 13.76 13.8 13.95 15.17 15.61 15.93 16.21 17.28 24.49
2.91 3.79 3.96 4.25 4.88 5.02 5.35 5.36 5.99 6.92 7.21 7.32 7.55 7.66 8.14 9.25 10.01 10.2 10.68 11.2 11.49 13.53 13.66 13.8 15.93 16.89 19.42 19.94 22.67 30.88
3.52 3.98 4.39 4.57 4.63 4.79 4.98 5.79 6.34 6.35 6.95 7.76 7.93 8.54 9.07 9.38 9.45 9.54 9.57 9.63 9.68 10.04 10.6 11.62 12.47 15.04 17.57 18.22 25.84 27.86
4.7 5.38 5.43 5.73 6.04 6.98 7.07 7.07 7.32 7.43 7.69 7.84 8.16 8.45 8.84 8.93 10.15 10.19 10.61 10.65 10.85 11.28 11.34 11.79 13.19 13.92 14.16 15.97 19.14 21.33
2.41 2.75 2.83 2.84 2.9 2.95 3.06 3.26 3.89 4.2 4.28 4.85 5.97 6.29 6.58 7.71 7.78 7.8 8.31 8.38 8.67 8.73 9.22 9.81 10.01 10.11 11.18 11.25 15.87 19.8
3.04 3.38 5.1 5.79 6.26 6.35 6.58 6.79 6.98 7.09 7.95 7.99 8.16 8.27 8.69 9.06 9.25 9.64 11.03 11.42 11.44 11.81 13.21 15.26 15.37 16.48 16.81 17.05 17.57 19.88
3.02 3.3 4.33 4.69 4.91 5.06 6.26 6.43 7.68 8.25 9.03 9.32 9.86 9.97 10.16 10.37 10.65 10.66 10.77 13.19 13.25 13.88 14.35 14.76 17.17 19.11 19.38 22.84 23.72 24.09
2.55 3.02 4.23 4.33 6.45 6.49 6.77 6.85 7.01 8.36 8.36 8.76 8.8 10.02 10.18 10.78 11.53 12.12 14.04 14.2 14.38 14.73 16.55 16.59 17.08 17.79 18.58 19.13 25.3 27.53
2.12 2.88 4.09 4.24 4.7 6.09 6.19 6.24 6.64 6.9 7.05 7.74 7.96 8.16 8.19 8.33 9.49 10.76 10.87 10.87 11.32 12.54 12.9 12.9 13.71 15.27 16.72 16.84 17.93 35.42
0.95 1.88 2.63 3.35 3.77 3.84 4.05 4.58 5.03 5.2 5.31 6.22 6.73 6.96 7.38 8.7 8.9 9.04 10.67 10.96 11.57 13.45 14.37 15.0 15.64 15.82 16.43 16.55 18.67 19.44

Replacement Cost
355.0 212.0 256.0 256.0 382.0 342.0 329.0 302.0 287.0 369.0 366.0 344.0 392.0 290.0 211.0 314.0 309.0 235.0 229.0 255.0 207.0 283.0 317.0 309.0 379.0 264.0 393.0 271.0 373.0 388.0

Failure Cost
710.0 424.0 512.0 512.0 764.0 684.0 658.0 604.0 574.0 738.0 732.0 688.0 784.0 580.0 422.0 628.0 618.0 470.0 458.0 510.0 414.0 566.0 634.0 618.0 758.0 528.0 786.0 542.0 746.0 776.0

Maintenance Action
13.0 10.0 12.0 16.0 18.0 16.0 15.0 13.0 13.0 20.0 20.0 20.0 18.0 15.0 8.0 13.0 15.0 10.0 9.0 16.0 10.0 16.0 19.0 15.0 18.0 10.0 27.0 12.0 21.0 18.0
10.0 8.0 6.0 8.0 11.0 9.0 12.0 11.0 9.0 9.0 9.0 11.0 12.0 8.0 9.0 8.0 11.0 7.0 7.0 7.0 4.0 10.0 10.0 11.0 12.0 8.0 11.0 8.0 12.0 13.0
6.0 2.0 1.0 4.0 3.0 5.0 4.0 3.0 6.0 6.0 4.0 2.0 5.0 1.0 2.0 2.0 4.0 1.0 4.0 1.0 2.0 6.0 5.0 2.0 6.0 6.0 2.0 3.0 8.0 4.0

Maintenance Action Effect
0.37 0.44 0.41 0.48 0.4 0.47 0.45 0.39 0.43 0.49 0.4 0.4 0.46 0.39 0.39 0.41 0.36 0.39 0.37 0.46 0.44 0.42 0.41 0.45 0.36 0.36 0.5 0.42 0.44 0.41
0.22 0.26 0.2 0.23 0.28 0.24 0.28 0.34 0.3 0.25 0.23 0.33 0.3 0.21 0.31 0.24 0.3 0.32 0.34 0.22 0.2 0.33 0.31 0.31 0.23 0.26 0.29 0.24 0.32 0.27
0.13 0.08 0.05 0.14 0.08 0.14 0.12 0.11 0.18 0.14 0.13 0.07 0.1 0.06 0.1 0.08 0.11 0.05 0.19 0.06 0.1 0.18 0.13 0.07 0.11 0.19 0.05 0.11 0.15 0.1

Asset Max Health
100

Max Replacement Cost
393.0

Min Replacement Cost
207.0

Max Maintenance Action Cost
27.0 13.0 8.0

Min Maintenance Action Cost
8.0 4.0 1.0