Asset Number
30

Time Window
5

Maintenance Types
3

Risk Free Rate Minus
0.00774

Maintenance Types
0.08

Sample Size
30

Initial Condition
26.0 39.0 41.0 39.0 45.0 33.0 40.0 45.0 39.0 38.0 44.0 42.0 34.0 43.0 34.0 32.0 45.0 44.0 30.0 43.0 40.0 41.0 41.0 40.0 33.0 36.0 44.0 44.0 35.0 33.0

Degradation Matrix
1.52 2.16 2.76 3.25 4.07 5.47 6.94 7.05 7.97 8.12 10.42 10.61 14.21 15.11 16.06 17.63 19.18 19.33 19.39 21.82 22.27 25.13 36.44 37.1 38.67 40.55 44.49 50.97 51.96 53.46
2.32 4.15 9.18 9.37 9.44 10.77 11.26 12.12 12.3 12.57 13.39 14.74 15.92 16.13 17.31 17.64 18.08 22.34 23.04 26.22 27.37 29.39 30.83 32.81 33.06 39.19 42.26 50.62 58.54 67.94
0.61 2.91 3.76 3.85 6.28 6.81 8.22 8.48 9.7 10.02 10.75 10.88 11.1 11.1 14.19 14.4 15.27 15.54 15.83 17.24 18.41 19.12 19.24 21.92 22.91 24.37 25.47 28.03 49.82 64.08
6.04 6.73 8.33 9.21 10.78 11.21 15.91 16.21 16.68 16.78 16.84 17.47 17.54 17.67 17.78 19.1 19.14 20.69 22.52 22.86 23.92 24.31 24.83 24.93 27.11 27.93 28.63 30.73 31.41 31.77
7.34 8.32 9.33 11.13 12.12 12.71 13.07 13.17 13.44 14.32 18.59 18.66 19.37 19.47 20.23 21.02 21.41 21.97 21.98 22.03 22.39 23.74 24.0 25.16 26.54 30.27 31.48 34.69 40.94 49.78
5.89 6.97 7.83 8.83 9.13 10.56 10.73 10.82 12.32 14.23 14.69 14.78 14.79 15.59 16.35 17.1 17.14 17.38 18.04 18.14 19.39 19.73 23.52 25.47 31.45 33.55 36.06 36.09 38.31 55.4
1.33 2.25 2.94 3.6 3.81 4.25 7.93 9.37 9.45 10.33 11.95 12.21 15.44 17.36 20.28 20.84 23.34 25.97 31.66 33.21 37.59 41.0 42.2 49.5 50.15 51.33 60.6 60.68 65.27 67.45
2.36 3.32 3.7 4.81 5.18 7.06 7.17 7.84 9.72 9.81 12.19 13.43 14.88 16.32 16.37 18.95 20.28 22.22 24.01 24.2 28.29 28.57 29.2 33.54 34.38 40.42 45.27 46.85 48.21 54.08
3.11 6.49 7.86 7.94 8.66 9.48 9.63 9.7 10.3 10.74 13.54 14.4 14.48 14.53 15.25 15.7 15.82 16.62 17.51 17.56 18.55 19.5 20.3 21.22 22.78 24.64 26.57 27.13 27.94 29.72
1.85 2.19 2.63 2.63 3.16 4.79 5.95 6.68 6.78 7.58 9.95 13.67 14.88 15.73 16.8 17.53 18.02 20.3 22.05 22.59 27.21 27.84 30.49 30.85 36.09 37.35 37.53 40.45 41.53 59.6
1.65 2.21 3.16 4.15 5.65 7.49 8.81 8.97 9.15 9.24 9.29 11.06 11.11 12.16 12.55 13.93 17.67 18.42 19.15 20.37 22.56 23.94 28.77 37.17 38.58 39.08 41.22 42.28 43.97 46.5
4.57 5.33 7.4 8.29 8.87 11.22 11.51 13.57 14.0 14.29 14.8 16.78 16.99 17.44 17.59 19.11 20.74 20.92 21.03 23.98 25.77 25.89 26.42 27.04 29.46 32.83 36.45 39.05 40.72 41.74
2.62 3.19 4.12 5.13 5.27 5.33 8.22 9.06 9.72 10.04 10.74 12.58 14.5 15.23 15.51 15.95 16.05 17.31 17.61 19.83 21.58 24.47 29.81 32.7 32.96 37.3 39.18 43.9 46.91 50.01
1.84 4.9 5.65 5.84 6.39 6.9 7.36 7.65 8.01 8.8 9.21 11.91 12.96 13.82 16.03 20.26 21.0 21.59 24.86 24.96 26.59 28.48 28.82 28.97 31.13 31.39 31.46 36.98 47.77 73.07
2.68 5.26 5.67 5.76 6.28 7.23 8.48 10.71 11.33 12.82 13.13 13.81 15.06 15.39 15.5 15.63 17.45 18.36 19.74 20.86 21.1 21.92 22.73 28.18 37.17 40.61 41.44 45.55 45.97 65.28
0.77 1.64 2.83 4.16 4.24 5.54 6.39 7.18 7.7 9.29 9.97 10.15 12.18 12.26 13.52 13.66 15.67 16.55 17.17 19.04 20.37 23.27 25.43 25.95 27.11 28.08 34.1 34.16 46.78 50.59
7.36 9.75 11.25 12.3 12.62 12.77 13.73 14.86 15.11 15.66 17.52 20.27 20.41 22.99 23.43 23.68 23.69 24.4 26.39 26.61 26.92 27.12 28.57 31.93 32.74 35.52 39.69 40.89 43.6 44.35
3.09 4.27 4.36 4.73 5.08 5.09 5.55 6.91 8.43 10.51 10.7 10.83 12.29 13.88 14.71 15.82 16.28 17.21 19.25 19.38 19.91 21.7 22.97 23.72 29.42 30.53 40.99 45.68 61.67 66.08
1.31 1.68 2.32 3.0 3.71 5.29 5.57 5.64 6.77 7.48 8.71 9.48 12.2 12.22 13.08 13.44 14.34 16.0 16.72 18.77 19.58 19.83 23.59 24.46 27.42 29.65 32.02 34.97 36.45 61.7
4.2 5.13 5.41 6.35 6.66 6.7 7.18 8.0 8.02 9.45 9.79 10.75 12.14 13.05 13.06 13.79 16.77 17.98 19.41 19.59 20.65 21.63 23.24 23.27 26.52 29.94 31.72 33.05 34.68 39.52
5.89 6.06 8.88 9.78 10.17 10.87 12.09 13.19 15.37 15.87 17.58 17.98 18.24 18.41 20.56 21.11 21.62 21.84 22.23 23.21 24.38 26.7 26.71 29.86 31.05 36.76 41.36 44.53 48.26 53.04
0.89 1.73 3.0 3.47 4.59 6.28 6.69 6.86 7.1 7.2 7.33 8.16 8.9 9.12 10.04 11.94 13.05 14.15 16.93 17.9 18.35 20.77 21.47 24.17 24.41 24.47 29.85 33.54 38.52 46.16
3.78 6.06 7.01 7.37 8.57 8.72 8.84 11.68 11.73 11.79 12.76 14.26 14.44 14.9 15.24 15.41 18.35 18.88 22.83 25.02 27.91 28.18 28.3 29.29 29.91 35.2 36.0 46.07 48.76 84.58
3.7 6.57 8.55 9.24 10.58 11.69 11.77 12.05 13.28 14.54 15.29 15.78 15.87 16.79 16.97 18.85 20.38 20.41 20.7 21.58 21.87 22.76 24.97 25.06 32.26 33.05 33.89 47.8 54.49 55.17
4.25 5.92 7.15 8.71 9.5 9.59 10.32 10.67 10.69 11.72 14.82 14.97 14.97 15.86 17.47 17.74 18.96 19.94 20.75 21.61 21.86 22.1 23.58 24.47 24.94 25.39 28.93 29.92 41.2 46.58
0.46 2.62 3.63 4.87 5.07 5.33 6.07 8.91 9.53 9.93 12.55 12.68 12.92 12.95 13.84 14.14 17.61 18.07 18.15 22.56 26.09 27.78 28.23 29.81 32.8 33.23 63.43 63.86 68.35 71.49
3.13 3.86 3.96 4.43 5.94 6.32 7.7 8.02 9.21 10.5 10.89 11.25 11.36 11.87 12.74 12.75 19.59 20.02 21.69 21.7 23.64 24.08 24.78 24.95 25.66 31.19 31.96 32.26 47.97 53.4
5.72 6.95 10.92 11.02 11.75 11.88 11.93 12.88 14.2 15.35 15.78 16.24 16.35 18.66 19.56 20.06 20.77 20.86 22.16 23.11 23.24 23.6 26.03 29.8 33.68 34.6 35.65 37.58 40.5 47.03
2.73 5.56 6.3 7.05 8.0 8.49 8.59 9.21 9.86 10.39 12.91 12.93 13.4 13.62 14.79 16.41 16.56 16.58 17.27 18.09 21.36 21.82 23.27 24.05 24.54 27.95 31.34 33.46 39.36 60.2
9.46 12.1 12.99 13.48 13.86 14.0 15.25 15.41 17.35 18.32 19.37 21.0 21.28 21.87 22.1 23.91 25.3 26.28 26.67 27.79 30.02 30.49 32.42 32.69 32.75 33.55 33.99 34.27 37.65 45.47

Replacement Cost
368.0 335.0 303.0 367.0 221.0 390.0 268.0 229.0 224.0 399.0 263.0 345.0 344.0 295.0 303.0 374.0 284.0 210.0 387.0 342.0 257.0 233.0 367.0 283.0 341.0 249.0 269.0 301.0 312.0 341.0

Failure Cost
736.0 670.0 606.0 734.0 442.0 780.0 536.0 458.0 448.0 798.0 526.0 690.0 688.0 590.0 606.0 748.0 568.0 420.0 774.0 684.0 514.0 466.0 734.0 566.0 682.0 498.0 538.0 602.0 624.0 682.0

Maintenance Action
94.0 53.0 73.0 70.0 48.0 70.0 55.0 40.0 39.0 89.0 47.0 58.0 70.0 70.0 52.0 75.0 54.0 45.0 77.0 57.0 54.0 41.0 77.0 55.0 56.0 53.0 56.0 60.0 58.0 54.0
58.0 55.0 41.0 56.0 26.0 66.0 47.0 26.0 40.0 54.0 39.0 54.0 53.0 37.0 54.0 60.0 45.0 31.0 62.0 48.0 46.0 34.0 70.0 32.0 41.0 36.0 53.0 57.0 41.0 62.0
39.0 32.0 26.0 31.0 22.0 42.0 32.0 19.0 18.0 42.0 26.0 31.0 38.0 41.0 34.0 42.0 31.0 22.0 32.0 36.0 27.0 28.0 43.0 37.0 44.0 34.0 33.0 28.0 39.0 27.0

Maintenance Action Effect
0.89 0.79 0.85 0.76 0.89 0.77 0.83 0.83 0.79 0.9 0.87 0.79 0.89 0.84 0.83 0.88 0.78 0.76 0.78 0.77 0.84 0.88 0.76 0.75 0.77 0.84 0.77 0.85 0.76 0.77
0.63 0.57 0.63 0.59 0.57 0.69 0.65 0.56 0.64 0.66 0.65 0.56 0.6 0.63 0.65 0.56 0.65 0.59 0.56 0.63 0.67 0.65 0.67 0.55 0.6 0.63 0.69 0.69 0.58 0.67
0.42 0.42 0.37 0.36 0.43 0.46 0.49 0.4 0.38 0.39 0.38 0.38 0.48 0.49 0.4 0.43 0.45 0.45 0.4 0.45 0.49 0.49 0.47 0.46 0.48 0.46 0.48 0.39 0.48 0.37

Asset Max Health
100

Max Replacement Cost
399.0

Min Replacement Cost
210.0

Max Maintenance Action Cost
94.0 70.0 44.0

Min Maintenance Action Cost
39.0 26.0 18.0